tree
version=v4
num_class=1
num_tree_per_iteration=1
label_index=0
max_feature_idx=0
objective=binary sigmoid:1
feature_names=ks_stat
feature_infos=[0.00059382973033583752:0.99922315490742486]
tree_sizes=728 752 959 857 957 855 960 857 963 754 859 864 864 760 864 757 965 760 863 763 762 866 763 865 865 865 1069 969 976 1288 1083 1191 1296 1295 1294 1296 1301 1298 1294 1299 1301 979 984 767 764 768 768 1089 766 770 1086 993 983 990 1092 993 776 675 673 679 678 678 674 680 677 680 461 783 681 461 678 460 461 893 461 894 461 899 461 461 461 898 462 898 462 462 462 460 462 460 462 459 461 462 462 463 460 461 462 459

Tree=0
num_leaves=6
num_cat=0
split_feature=0 0 0 0 0
split_gain=77.4747 107.203 0.513283 1.24756 0.12268
threshold=0.00088612493346118548 0.99916025700378086 0.00091178381093720573 0.99910009526334964 0.00082058856717437411
decision_type=2 2 2 2 2
left_child=4 2 -2 -4 -1
right_child=1 -3 3 -5 -6
leaf_value=-0.18095238095238098 0.19999999999999996 -0.20000000000000001 0.14074074074074078 0.19999999999999998 -0.20000000000000001
leaf_weight=5.2499999999999991 12.000000000000002 9.9999999999999982 6.7499999999999982 7.5 9.4999999999999982
leaf_count=21 48 40 27 30 38
internal_value=0 0.0786207 0.184762 0.17193 -0.19322
internal_weight=0 36.25 26.25 14.25 14.75
internal_count=204 145 105 57 59
is_linear=0
shrinkage=0.1


Tree=1
num_leaves=6
num_cat=0
split_feature=0 0 0 0 0
split_gain=63.3804 87.6891 0.433459 1.04962 0.10417
threshold=0.00088612493346118548 0.99916025700378086 0.00091178381093720573 0.99910009526334964 0.00082058856717437411
decision_type=2 2 2 2 2
left_child=4 2 -2 -4 -1
right_child=1 -3 3 -5 -6
leaf_value=-0.16424354139056563 0.18187308119005766 -0.18187308119005771 0.12731825411773531 0.18187308119005768 -0.18187308119005771
leaf_weight=5.2072573453187934 11.880795478820803 9.9006628990173322 6.7166841477155668 7.4254971742630005 9.4056297540664655
leaf_count=21 48 40 27 30 38
internal_value=0 0.0714234 0.167792 0.155963 -0.175591
internal_weight=0 35.9236 26.023 14.1422 14.6129
internal_count=204 145 105 57 59
is_linear=0
shrinkage=0.1


Tree=2
num_leaves=8
num_cat=0
split_feature=0 0 0 0 0 0 0
split_gain=52.7259 72.926 0.432467 1.8997 0.095433 0.00519746 3.55271e-15
threshold=0.00088612493346118548 0.99916025700378086 0.0010826765752130487 0.00090974385971515092 0.00082058856717437411 0.99910829378693133 0.000908118014339654
decision_type=2 2 2 2 2 2 2
left_child=4 2 3 6 -1 -4 -2
right_child=1 -3 5 -5 -6 -7 -8
leaf_value=-0.15118745650666365 0.16825816740612262 -0.16825816740612271 0.17278357481707285 0.092640191878028272 -0.16825816740612271 0.16825816740612268 0.16825816740612268
leaf_weight=5.0966567248105994 4.8220565915107745 9.6441131830215436 5.357775539159773 4.8889482021331778 9.1619075238704664 4.8220565915107727 5.5453650802373886
leaf_count=21 20 40 22 20 38 20 23
internal_value=0 0.0658974 0.154677 0.144026 -0.162156 0.17064 0.168258
internal_weight=0 35.0803 25.4362 15.2564 14.2586 10.1798 10.3674
internal_count=204 145 105 63 59 42 43
is_linear=0
shrinkage=0.1


Tree=3
num_leaves=7
num_cat=0
split_feature=0 0 0 0 0 0
split_gain=44.4146 61.4009 0.399866 0.903902 0.0921346 0.000183077
threshold=0.00088612493346118548 0.99916025700378086 0.00091178381093720573 0.99910009526334964 0.00082058856717437411 0.000908118014339654
decision_type=2 2 2 2 2 2
left_child=4 2 5 -4 -1 -2
right_child=1 -3 3 -5 -6 -7
leaf_value=-0.14062760039303615 0.15768741416156906 -0.15768741416156917 0.10571504161971755 0.15760066114505877 -0.15768741416156917 0.15850926214879385
leaf_weight=4.9394360035657874 4.6399894356727618 9.2799788713455182 6.4894621521234495 6.957157701253891 8.8159799277782422 6.518183171749115
leaf_count=21 20 40 27 30 38 28
internal_value=0 0.0615029 0.144173 0.13256 -0.151561 0.158168
internal_weight=0 33.8848 24.6048 13.4466 13.7554 11.1582
internal_count=204 145 105 57 59 48
is_linear=0
shrinkage=0.1


Tree=4
num_leaves=8
num_cat=0
split_feature=0 0 0 0 0 0 0
split_gain=37.7745 52.1909 0.413496 1.7288 0.0922194 0.00520324 3.87549e-07
threshold=0.00088612493346118548 0.99916025700378086 0.0010826765752130487 0.00090974385971515092 0.00082058856717437411 0.99910829378693133 0.000908118014339654
decision_type=2 2 2 2 2 2 2
left_child=4 2 3 6 -1 -4 -2
right_child=1 -3 5 -5 -6 -7 -8
leaf_value=-0.13184094247206485 0.14927178044610034 -0.14927178044610043 0.15398591145343585 0.075035657065207262 -0.14927178044610043 0.14927606400380589 0.14923130184196362
leaf_weight=4.7514626383781424 4.4225507974624652 8.845101594924925 4.994589149951933 4.6859149634838095 8.4028465151786786 4.4226810336112976 5.08451247215271
leaf_count=21 20 40 22 20 38 20 23
internal_value=0 0.0579108 0.135527 0.124748 -0.142976 0.151774 0.14925
internal_weight=0 32.4554 23.6102 14.193 13.1543 9.41727 9.50706
internal_count=204 145 105 63 59 42 43
is_linear=0
shrinkage=0.1


Tree=5
num_leaves=7
num_cat=0
split_feature=0 0 0 0 0 0
split_gain=32.372 44.6985 0.407357 0.868087 0.0946113 0.00038155
threshold=0.00088612493346118548 0.99916025700378086 0.00091178381093720573 0.99910009526334964 0.00082058856717437411 0.000908118014339654
decision_type=2 2 2 2 2 2
left_child=4 2 5 -4 -1 -2
right_child=1 -3 3 -5 -6 -7
leaf_value=-0.12435053547779483 0.14243950394247951 -0.14243950394247973 0.08942669827660514 0.1423132729874729 -0.1424395039424797 0.14368733589382116
leaf_weight=4.5446349531412107 4.1834965348243767 8.3669930696487409 6.1481151133775693 6.2676253914833069 7.9486434161663055 5.9150490611791611
leaf_count=21 20 40 27 30 38 28
internal_value=0 0.0549133 0.128256 0.116125 -0.135859 0.14317
internal_weight=0 30.8813 22.5143 12.4157 12.4933 10.0985
internal_count=204 145 105 57 59 48
is_linear=0
shrinkage=0.1


Tree=6
num_leaves=8
num_cat=0
split_feature=0 0 0 0 0 0 0
split_gain=27.9064 38.5037 0.423162 1.6815 0.0986986 0.00470228 1.17083e-06
threshold=0.00088612493346118548 0.99916025700378086 0.0010826765752130487 0.00090974385971515092 0.00082058856717437411 0.99910829378693133 0.000908118014339654
decision_type=2 2 2 2 2 2 2
left_child=4 2 3 6 -1 -4 -2
right_child=1 -3 5 -5 -6 -7 -8
leaf_value=-0.1178281576421091 0.13680524356971108 -0.1368052435697113 0.14153768141465692 0.060808299557684048 -0.13680524356971127 0.13681291463860173 0.13673062521397591
leaf_weight=4.3278594017028791 3.9330926537513786 7.8661853075027457 4.5349937975406629 4.4484239816665641 7.4728760421276093 3.9334720373153687 4.5188153088092804
leaf_count=21 20 40 22 20 38 20 23
internal_value=0 0.0523454 0.121975 0.110573 -0.129845 0.139343 0.136765
internal_weight=0 29.235 21.3688 12.9003 11.8007 8.46847 8.45191
internal_count=204 145 105 63 59 42 43
is_linear=0
shrinkage=0.1


Tree=7
num_leaves=7
num_cat=0
split_feature=0 0 0 0 0 0
split_gain=24.1751 33.3325 0.435049 0.875133 0.104105 0.000497853
threshold=0.00088612493346118548 0.99916025700378086 0.00091178381093720573 0.99910009526334964 0.00082058856717437411 0.000908118014339654
decision_type=2 2 2 2 2 2
left_child=4 2 5 -4 -1 -2
right_child=1 -3 3 -5 -6 -7
leaf_value=-0.1120402113472657 0.13209932398403773 -0.13209932398403795 0.076220120835322716 0.13195813462663564 -0.13209932398403795 0.13361648907370624
leaf_weight=4.1077593415975553 3.6789569258689934 7.3579138517379752 5.7679024189710599 5.5057884752750397 6.9900181591510773 5.2485897094011307
leaf_count=21 20 40 27 30 38 28
internal_value=0 0.0501276 0.1165 0.103441 -0.124675 0.132991
internal_weight=0 27.5592 20.2012 11.2737 11.0978 8.92755
internal_count=204 145 105 57 59 48
is_linear=0
shrinkage=0.1


Tree=8
num_leaves=8
num_cat=0
split_feature=0 0 0 0 0 0 0
split_gain=21.0203 28.9586 0.449257 1.68313 0.110582 0.00408777 1.74001e-06
threshold=0.00088612493346118548 0.99916025700378086 0.0010826765752130487 0.00090974385971515092 0.00082058856717437411 0.99910829378693133 0.000908118014339654
decision_type=2 2 2 2 2 2 2
left_child=4 2 3 6 -1 -4 -2
right_child=1 -3 5 -5 -6 -7 -8
leaf_value=-0.10681574762465416 0.12812716232731364 -0.12812716232731389 0.13282904175576282 0.048792944798117216 -0.12812716232731386 0.1281367791060983 0.12802968446013527
leaf_weight=3.8892060667276365 3.4266793727874809 6.8533587455749503 4.0511525571346274 4.2092009633779526 6.5106908082962036 3.4273374080657959 3.9330062568187714
leaf_count=21 20 40 22 20 38 20 23
internal_value=0 0.0481511 0.111577 0.0992292 -0.120157 0.130679 0.128075
internal_weight=0 25.9007 19.0474 11.5689 10.3999 7.47849 7.35969
internal_count=204 145 105 63 59 42 43
is_linear=0
shrinkage=0.1


Tree=9
num_leaves=6
num_cat=0
split_feature=0 0 0 0 0
split_gain=18.3369 25.2449 0.474306 0.897562 0.11795
threshold=0.00088612493346118548 0.99916025700378086 0.00091178381093720573 0.99910009526334964 0.00082058856717437411
decision_type=2 2 2 2 2
left_child=4 2 -2 -4 -1
right_child=1 -3 3 -5 -6
leaf_value=-0.10202701994358128 0.12575846197498233 -0.12474463502320948 0.064992731353196345 0.12460153845488309 -0.12474463502320945
leaf_weight=3.675719350576399 7.7693971991539064 6.3605874776840201 5.390745207667349 4.7535178065299988 6.0425581037998199
leaf_count=21 48 40 27 30 38
internal_value=0 0.0463979 0.107165 0.0929249 -0.116152
internal_weight=0 24.2742 17.9137 10.1443 9.71828
internal_count=204 145 105 57 59
is_linear=0
shrinkage=0.1


Tree=10
num_leaves=7
num_cat=0
split_feature=0 0 0 0 0 0
split_gain=16.0318 22.0536 0.486352 0.900519 0.12607 1.77636e-15
threshold=0.00088612493346118548 0.99916025700378086 0.00091178381093720573 0.99910009526334964 0.00082058856717437411 0.99919582323409661
decision_type=2 2 2 2 2 2
left_child=4 2 -2 -4 -1 -3
right_child=1 5 3 -5 -6 -7
leaf_value=-0.097576889472192507 0.1227250563076088 -0.12184263134723478 0.060335248724020123 0.1217194918326176 -0.12184263134723475 -0.12184263134723475
leaf_weight=3.4697797447443026 7.1947930753231111 2.9426357150077811 5.2345620542764646 4.3977257609367371 5.5910078585147858 2.942635715007782
leaf_count=21 48 20 27 30 38 20
internal_value=0 0.0447784 0.103054 0.0883609 -0.11255 -0.121843
internal_weight=0 22.7124 16.8271 9.63229 9.06079 5.88527
internal_count=204 145 105 57 59 40
is_linear=0
shrinkage=0.1


Tree=11
num_leaves=7
num_cat=0
split_feature=0 0 0 0 0 0
split_gain=14.0432 19.3038 0.529461 2.66778 0.134822 8.88178e-16
threshold=0.00088612493346118548 0.99916025700378086 0.0010826765752130487 0.00091178381093720573 0.00082058856717437411 0.99919582323409661
decision_type=2 2 2 2 2 2
left_child=4 2 3 -2 -1 -3
right_child=1 5 -4 -5 -6 -7
leaf_value=-0.093390696672176809 0.12010899265103821 -0.11933702300158547 0.1222492061188494 0.0068501161455536037 -0.11933702300158547 -0.11933702300158544
leaf_weight=3.2730667144060153 6.6445777416229266 2.7156206965446463 6.1169508397579184 3.0272389948368073 5.1596793234348297 2.7156206965446472
leaf_count=21 48 20 42 15 38 20
internal_value=0 0.0432825 0.0992226 0.0846594 -0.109266 -0.119337
internal_weight=0 21.22 15.7888 9.67182 8.43275 5.43124
internal_count=204 145 105 63 59 40
is_linear=0
shrinkage=0.1


Tree=12
num_leaves=7
num_cat=0
split_feature=0 0 0 0 0 0
split_gain=12.3271 16.9427 0.52386 2.52022 0.144093 8.88178e-16
threshold=0.00088612493346118548 0.99916025700378086 0.0010826765752130487 0.00091178381093720573 0.00082058856717437411 0.99919582323409661
decision_type=2 2 2 2 2 2
left_child=4 2 3 -2 -1 -3
right_child=1 5 -4 -5 -6 -7
leaf_value=-0.089410647946346761 0.11784004213874527 -0.11716177659130814 0.11971349278114743 0.006184764623484296 -0.11716177659130811 -0.11716177659130809
leaf_weight=3.0866463929414776 6.1220488920807856 2.5004616379737845 5.6460216194391242 3.0181201547384262 4.7508771121501923 2.5004616379737854
leaf_count=21 48 20 42 15 38 20
internal_value=0 0.0419504 0.0957646 0.080971 -0.106233 -0.117162
internal_weight=0 19.7871 14.7862 9.14017 7.83752 5.00092
internal_count=204 145 105 63 59 40
is_linear=0
shrinkage=0.1


Tree=13
num_leaves=6
num_cat=0
split_feature=0 0 0 0 0
split_gain=10.8331 14.8915 0.521136 2.38517 0.153775
threshold=0.00088612493346118548 0.99916025700378086 0.0010826765752130487 0.00091178381093720573 0.00082058856717437411
decision_type=2 2 2 2 2
left_child=4 2 3 -2 -1
right_child=1 -3 -4 -5 -6
leaf_value=-0.085591962994136905 0.11586252047627091 -0.11526438995110283 0.11750909758190815 0.0055824103967153345 -0.1152643899511028
leaf_weight=2.9111192822456387 5.6291327923536318 4.5956724882125846 5.1996230930089942 3.0098618566989899 4.3658888638019562
leaf_count=21 48 40 42 15 38
internal_value=0 0.040701 0.0924956 0.0774405 -0.103394
internal_weight=0 18.4343 13.8386 8.63899 7.27701
internal_count=204 145 105 63 59
is_linear=0
shrinkage=0.1


Tree=14
num_leaves=7
num_cat=0
split_feature=0 0 0 0 0 0
split_gain=9.52773 13.103 0.578912 0.163756 0.038534 2.33806e-07
threshold=0.00088612493346118548 0.99916025700378086 0.00098312715046194898 0.00082058856717437411 0.00090974385971515092 0.000908118014339654
decision_type=2 2 2 2 2 2
left_child=3 2 4 -1 5 -2
right_child=1 -3 -4 -5 -6 -7
leaf_value=-0.081900161897555168 0.11354900649264173 -0.11360256224201973 0.065072757699007708 -0.1136025622420197 0.098681542797088351 0.11350337420153395
leaf_weight=2.7467332184314754 2.1017006039619464 4.2160370945930472 5.579778641462326 4.0052352398633957 2.8560175001621246 2.4107514843344688
leaf_count=21 20 40 46 38 16 23
internal_value=0 0.0395152 0.0893713 -0.100706 0.107771 0.113525
internal_weight=0 17.1643 12.9482 6.75197 7.36847 4.51245
internal_count=204 145 105 59 59 43
is_linear=0
shrinkage=0.1


Tree=15
num_leaves=6
num_cat=0
split_feature=0 0 0 0 0
split_gain=8.36598 11.491 0.602995 2.43469 0.17392
threshold=0.00088612493346118548 0.99916025700378086 0.0010826765752130487 0.00091178381093720573 0.00082058856717437411
decision_type=2 2 2 2 2
left_child=4 2 3 -2 -1
right_child=1 -3 -4 -5 -6
leaf_value=-0.078309127916285082 0.11265533987403427 -0.11214181150601801 0.1146098794237097 -0.0039069417266753082 -0.11214181150601799
leaf_weight=2.593473024666312 4.7436157017946261 3.8619667291641226 4.5548077076673508 2.87985959649086 3.6688683927059174
leaf_count=21 48 40 42 15 38
internal_value=0 0.038159 0.0858223 0.0686225 -0.0981304
internal_weight=0 16.0402 12.1783 7.62348 6.26234
internal_count=204 145 105 63 59
is_linear=0
shrinkage=0.1


Tree=16
num_leaves=8
num_cat=0
split_feature=0 0 0 0 0 0 0
split_gain=7.36286 10.1245 0.629119 1.8331 0.184144 0.0487664 1.2129e-07
threshold=0.00088612493346118548 0.99916025700378086 0.00098312715046194898 0.99910009526334964 0.00082058856717437411 0.00090974385971515092 0.000908118014339654
decision_type=2 2 2 2 2 2 2
left_child=4 2 5 -4 -1 6 -2
right_child=1 -3 3 -5 -6 -7 -8
leaf_value=-0.074799506307592648 0.11080608000780177 -0.11085378572722815 -0.011031225661086608 0.11121607640941984 -0.11085378572722814 0.093130442123327592 0.11077016564118475
leaf_weight=2.4511323273181942 1.7602366209030136 3.5329711437225333 2.23397296667099 2.7201953530311584 3.3563225865364075 2.669095978140831 2.0188536047935486
leaf_count=21 20 40 16 30 38 16 23
internal_value=0 0.0370592 0.0828893 0.0560914 -0.0956365 0.103478 0.110787
internal_weight=0 14.9353 11.4024 4.95417 5.80745 6.44819 3.77909
internal_count=204 145 105 46 59 59 43
is_linear=0
shrinkage=0.1


Tree=17
num_leaves=6
num_cat=0
split_feature=0 0 0 0 0
split_gain=6.47168 8.89978 0.674092 2.37644 0.194299
threshold=0.00088612493346118548 0.99916025700378086 0.0010826765752130487 0.00091178381093720573 0.00082058856717437411
decision_type=2 2 2 2 2
left_child=4 2 3 -2 -1
right_child=1 -3 -4 -5 -6
leaf_value=-0.07135767842074589 0.11016377517074334 -0.10971489632761583 0.11248231954658222 -0.010181452789019687 -0.10971489632761577
leaf_weight=2.3193664401769665 3.9772078990936262 3.2282471656799308 3.9534156173467636 2.793231263756752 3.0668348073959351
leaf_count=21 48 40 42 15 38
internal_value=0 0.0358518 0.0796723 0.0605138 -0.0931978
internal_weight=0 13.9521 10.7239 6.77044 5.3862
internal_count=204 145 105 63 59
is_linear=0
shrinkage=0.1


Tree=18
num_leaves=7
num_cat=0
split_feature=0 0 0 0 0 0
split_gain=5.69368 7.84628 0.669402 1.75676 0.204251 0.0915012
threshold=0.00088612493346118548 0.99916025700378086 0.00098312715046194898 0.99910009526334964 0.00082058856717437411 0.00091178381093720573
decision_type=2 2 2 2 2 2
left_child=4 2 5 -4 -1 -2
right_child=1 -3 3 -5 -6 -7
leaf_value=-0.067974746015147913 0.10910615017641656 -0.10870541965264652 -0.017409553111382328 0.10896791175139693 -0.10870541965264646 0.082561384038616917
leaf_weight=2.1977355480194118 3.6318238005042058 2.946775257587432 2.1378819346427917 2.265620231628418 2.7994364947080612 2.0213128179311752
leaf_count=21 48 40 16 30 38 11
internal_value=0 0.034796 0.0768445 0.0476122 -0.0907922 0.0996149
internal_weight=0 13.0034 10.0566 4.4035 4.99717 5.65314
internal_count=204 145 105 46 59 59
is_linear=0
shrinkage=0.1


Tree=19
num_leaves=6
num_cat=0
split_feature=0 0 0 0 0
split_gain=5.00049 6.90033 0.743013 2.26445 0.213862
threshold=0.00088612493346118548 0.99916025700378086 0.0010826765752130487 0.00091178381093720573 0.00082058856717437411
decision_type=2 2 2 2 2
left_child=4 2 3 -2 -1
right_child=1 -3 -4 -5 -6
leaf_value=-0.064645865693273963 0.10816700987135652 -0.10780871339757432 0.11086299342513564 -0.014866260731568166 -0.10780871339757428
leaf_weight=2.0857375636696842 3.3132813200354558 2.6873949170112601 3.4358457922935486 2.7273558229207993 2.5530251711606979
leaf_count=21 48 40 42 15 38
internal_value=0 0.0336263 0.0737352 0.0526173 -0.0884013
internal_weight=0 12.1639 9.47648 6.04064 4.63876
internal_count=204 145 105 63 59
is_linear=0
shrinkage=0.1


Tree=20
num_leaves=6
num_cat=0
split_feature=0 0 0 0 0
split_gain=4.39401 6.08448 0.728663 2.09293 0.22299
threshold=0.00088612493346118548 0.99916025700378086 0.0010826765752130487 0.00091178381093720573 0.00082058856717437411
decision_type=2 2 2 2 2
left_child=4 2 3 -2 -1
right_child=1 -3 -4 -5 -6
leaf_value=-0.061369470948556881 0.10733143555829341 -0.10701065593122568 0.10974141734393626 -0.013271725422169284 -0.10701065593122563
leaf_weight=1.9828330054879195 3.0201264284551126 2.4488627910614005 3.1390274837613106 2.7483532875776291 2.3264196515083313
leaf_count=21 48 40 42 15 38
internal_value=0 0.0325902 0.0709694 0.0498709 -0.0860096
internal_weight=0 11.3564 8.90751 5.76848 4.30925
internal_count=204 145 105 63 59
is_linear=0
shrinkage=0.1


Tree=21
num_leaves=7
num_cat=0
split_feature=0 0 0 0 0 0
split_gain=3.85755 5.36501 0.788378 1.70232 0.231499 0.084508
threshold=0.00088612493346118548 0.99916025700378086 0.00098312715046194898 0.99910009526334964 0.00082058856717437411 0.00091178381093720573
decision_type=2 2 2 2 2 2
left_child=4 2 5 -4 -1 -2
right_child=1 -3 3 -5 -6 -7
leaf_value=-0.058146762125210062 0.10658670312553911 -0.10629918365868618 -0.030130654309372708 0.10645002221970641 -0.10629918365868614 0.079431548685947137
leaf_weight=1.8884645551443107 2.7508410662412626 2.2298952937126151 1.9601617157459261 1.7075031623244283 2.1184005290269852 1.9644123017787931
leaf_count=21 48 40 16 30 38 11
internal_value=0 0.0315568 0.0682271 0.0334553 -0.0836046 0.0952736
internal_weight=0 10.6128 8.38292 3.66766 4.00687 4.71525
internal_count=204 145 105 46 59 59
is_linear=0
shrinkage=0.1


Tree=22
num_leaves=6
num_cat=0
split_feature=0 0 0 0 0
split_gain=3.37831 4.71661 0.792228 1.95912 0.239252
threshold=0.00088612493346118548 0.99916025700378086 0.0010826765752130487 0.00091178381093720573 0.00082058856717437411
decision_type=2 2 2 2 2
left_child=4 2 3 -2 -1
right_child=1 -3 -4 -5 -6
leaf_value=-0.054981118259375017 0.10592191760080732 -0.10566394512104489 0.10869741252876111 -0.016946132190050488 -0.10566394512104489
leaf_weight=1.8020712956786167 2.5038876235485059 2.0292031764984131 2.7391189932823181 2.6939708739519119 1.9277430176734922
leaf_count=21 48 40 42 15 38
internal_value=0 0.0303914 0.0651759 0.0422413 -0.0811764
internal_weight=0 9.96618 7.93698 5.19786 3.72981
internal_count=204 145 105 63 59
is_linear=0
shrinkage=0.1


Tree=23
num_leaves=7
num_cat=0
split_feature=0 0 0 0 0 0
split_gain=2.95905 4.15808 0.81788 1.56149 0.246124 0.0901053
threshold=0.00088612493346118548 0.99916025700378086 0.00098312715046194898 0.99910009526334964 0.00082058856717437411 0.00091178381093720573
decision_type=2 2 2 2 2 2
left_child=4 2 5 -4 -1 -2
right_child=1 -3 3 -5 -6 -7
leaf_value=-0.051877580653001513 0.10532767668690657 -0.10509600333111582 -0.033592766337655393 0.10520145756482664 -0.10509600333111582 0.075828797965522249
leaf_weight=1.7230990380048763 2.2777406424283964 1.8455146253108976 1.9070025980472567 1.4098478481173513 1.7532388940453527 1.898580342531204
leaf_count=21 48 40 16 30 38 11
internal_value=0 0.0293592 0.0624746 0.0254026 -0.0787175 0.0919173
internal_weight=0 9.33869 7.49317 3.31685 3.47634 4.17632
internal_count=204 145 105 46 59 59
is_linear=0
shrinkage=0.1


Tree=24
num_leaves=7
num_cat=0
split_feature=0 0 0 0 0 0
split_gain=2.58447 3.65484 0.848104 1.80367 0.251998 1.86965e-05
threshold=0.00088612493346118548 0.99916025700378086 0.0010826765752130487 0.00091178381093720573 0.00082058856717437411 0.00090813291849095601
decision_type=2 2 2 2 2 2
left_child=4 2 3 5 -1 -2
right_child=1 -3 -4 -5 -6 -7
leaf_value=-0.048842386858435699 0.10455217172967297 -0.1045876139397804 0.10790121663010686 -0.019775167361033227 -0.1045876139397804 0.10516635208057606
leaf_weight=1.651008613407613 1.2493171915411934 1.6775935888290403 2.3989149034023285 2.6491823494434357 1.5937139093875883 0.8215934857726096
leaf_count=21 30 40 42 15 38 18
internal_value=0 0.0281956 0.0594859 0.0348796 -0.0762228 0.104796
internal_weight=0 8.7966 7.11901 4.72009 3.24472 2.07091
internal_count=204 145 105 63 59 48
is_linear=0
shrinkage=0.1


Tree=25
num_leaves=7
num_cat=0
split_feature=0 0 0 0 0 0
split_gain=2.25722 3.22137 0.839237 0.306594 0.296235 0.256775
threshold=0.00088612493346118548 0.99916025700378086 0.00098312715046194898 0.00091904368771650324 0.00090813291849095601 0.00082058856717437411
decision_type=2 2 2 2 2 2
left_child=5 2 3 4 -2 -1
right_child=1 -3 -4 -5 -6 -7
leaf_value=-0.045882492930322732 0.10410026620190814 -0.10413205333539798 0.017699937953836935 0.12694615831984532 0.03351327658459613 -0.10413205333539798
leaf_weight=1.5852808803319942 1.1350858584046353 1.5242515504360197 3.0233455821871758 1.3376662731170652 1.248501770198345 1.4480389729142187
leaf_count=21 30 40 46 8 21 38
internal_value=0 0.0271628 0.0568349 0.0886303 0.0671274 -0.0736895
internal_weight=0 8.26885 6.7446 3.72125 2.38359 3.03332
internal_count=204 145 105 59 51 59
is_linear=0
shrinkage=0.1


Tree=26
num_leaves=9
num_cat=0
split_feature=0 0 0 0 0 0 0 0
split_gain=1.95948 2.8192 0.922552 1.76122 0.260373 0.0019923 2.74995e-05 2.22045e-16
threshold=0.00088612493346118548 0.99916025700378086 0.0010826765752130487 0.00091178381093720573 0.00082058856717437411 0.99910009526334964 0.00090813291849095601 0.99919582323409661
decision_type=2 2 2 2 2 2 2 2
left_child=4 2 3 6 -1 -4 -2 -3
right_child=1 7 5 -5 -6 -7 -8 -9
leaf_value=-0.04300517263643195 0.10369489362590936 -0.10372341650791604 0.11022574850553829 -0.025988551620811148 -0.10372341650791608 0.1041294181210138 0.10449887466523451 -0.103723416507916
leaf_weight=1.5254209488630297 1.030878499150276 0.69217815995216347 1.0099747180938723 2.5636463314294815 1.3151385039091108 1.1424377933144567 0.72437990084290493 0.6921781599521637
leaf_count=21 30 20 12 15 38 30 18 20
internal_value=0 0.0257985 0.0535061 0.0268513 -0.0711169 0.10699 0.104027 -0.103723
internal_weight=0 7.85567 6.47132 4.3189 2.84056 2.15241 1.75526 1.38436
internal_count=204 145 105 63 59 42 48 40
is_linear=0
shrinkage=0.1


Tree=27
num_leaves=8
num_cat=0
split_feature=0 0 0 0 0 0 0
split_gain=1.70589 2.48524 0.880232 1.58565 0.262729 0.00144367 2.01677e-05
threshold=0.00088612493346118548 0.99916025700378086 0.0010826765752130487 0.00091178381093720573 0.00082058856717437411 0.99910009526334964 0.00090813291849095601
decision_type=2 2 2 2 2 2 2
left_child=4 2 3 6 -1 -4 -2
right_child=1 -3 5 -5 -6 -7 -8
leaf_value=-0.040217667248521743 0.10333094519234332 -0.10335657600081943 0.10915852033457668 -0.023045985256718901 -0.10335657600081943 0.10372105788218905 0.10405339897754984
leaf_weight=1.4709597453475001 0.93589533120393731 1.2568366527557371 0.92233988642692555 2.5998397022485733 1.1939948201179502 1.0375828295946119 0.65810899063944817
leaf_count=21 30 40 12 15 38 30 18
internal_value=0 0.0247844 0.0509558 0.025101 -0.0685062 0.10628 0.103629
internal_weight=0 7.4106 6.15377 4.19384 2.66495 1.95992 1.594
internal_count=204 145 105 63 59 42 48
is_linear=0
shrinkage=0.1


Tree=28
num_leaves=8
num_cat=0
split_feature=0 0 0 0 0 0 0
split_gain=1.48222 2.22394 0.911009 0.342714 0.560655 0.263804 2.85916e-07
threshold=0.00088612493346118548 0.00098312715046194898 0.99916025700378086 0.00091904368771650324 0.00090816179680475184 0.00082058856717437411 0.000908118014339654
decision_type=2 2 2 2 2 2 2
left_child=5 3 -3 4 6 -1 -2
right_child=1 2 -4 -5 -6 -7 -8
leaf_value=-0.037526825281162628 0.10300722967769958 0.0039703637333158631 -0.10302697128541211 0.12492645149661273 -0.0058415396240862859 -0.10302697128541211 0.10310693431856165
leaf_weight=1.4214558899402621 0.56684132665395759 2.6315115317702298 1.1406856030225752 1.2777372598648069 0.80245059356093396 1.0836513228714464 0.58385897427797318
leaf_count=21 20 46 40 8 11 38 20
internal_value=0 0.0237682 -0.0283849 0.0846592 0.0583166 -0.0658607 0.103058
internal_weight=0 7.00309 3.7722 3.23089 1.95315 2.50511 1.1507
internal_count=204 145 86 59 51 59 40
is_linear=0
shrinkage=0.1


Tree=29
num_leaves=11
num_cat=0
split_feature=0 0 0 0 0 0 0 0 0 0
split_gain=1.28018 1.93595 3.73391 2.83939 0.923094 0.31689 0.650904 0.00103653 0.00049004 6.50257e-07
threshold=0.00088612493346118548 0.00098312715046194898 0.0010826765752130487 0.99916025700378086 0.00082058183355521186 0.00091904368771650324 0.00090974385971515092 0.99910009526334964 0.00082060203478101512 0.000908118014339654
decision_type=2 2 2 2 2 2 2 2 2 2
left_child=4 5 -3 7 -1 6 9 -4 -6 -2
right_child=1 2 3 -5 8 -7 -8 -9 -10 -11
leaf_value=0.031105002253965699 0.10271288667347195 -0.21059344677220948 0.10817888089794579 -0.10273063016458267 -0.10621262925387814 0.1219991305655799 -0.019025690347314897 0.1033411526974225 -0.10273063016458261 0.10286494040333155
leaf_weight=0.72102155536413226 0.51429416984319709 0.84669488668441806 0.83866792917251609 1.0349605977535246 0.91421429067850091 1.1824479103088377 0.71484381705522526 0.93851283192634583 0.72447241842746735 0.62067306041717529
leaf_count=11 20 4 12 40 20 8 8 30 28 23
internal_value=0 0.0224791 -0.0264886 0.0289427 -0.0631855 0.0815654 0.0557191 0.105624 -0.104673 0.102796
internal_weight=0 6.6911 3.65884 2.81214 2.35971 3.03226 1.84981 1.77718 1.63869 1.13497
internal_count=204 145 86 82 59 59 51 42 48 43
is_linear=0
shrinkage=0.1


Tree=30
num_leaves=9
num_cat=0
split_feature=0 0 0 0 0 0 0 0
split_gain=1.11733 1.70284 0.87578 1.36495 0.854277 0.000754369 0.000359759 2.99518e-05
threshold=0.00088612493346118548 0.99916025700378086 0.0010826765752130487 0.00091178381093720573 0.00082058183355521186 0.99910009526334964 0.00082060203478101512 0.00090813291849095601
decision_type=2 2 2 2 2 2 2 2
left_child=4 2 3 7 -1 -4 -6 -2
right_child=1 -3 5 -5 6 -7 -8 -9
leaf_value=0.027217449952865975 0.10244518836569212 -0.10246404444141793 0.10734026594381696 -0.025310347430140413 -0.10559447001636356 0.10301311803802492 -0.10246404444141786 0.10343608238467444
leaf_weight=0.74049799889326129 0.69895535707473777 0.93878343701362599 0.76448348164558388 2.5153113901615143 0.83181060850620248 0.85176791995763779 0.65714840590953827 0.54128145985305309
leaf_count=11 30 40 12 15 20 30 28 18
internal_value=0 0.0217953 0.043511 0.0170226 -0.0605592 0.10506 -0.104213 0.102878
internal_weight=0 6.31058 5.3718 3.75555 2.22946 1.61625 1.48896 1.24024
internal_count=204 145 105 63 59 42 48 48
is_linear=0
shrinkage=0.1


Tree=31
num_leaves=10
num_cat=0
split_feature=0 0 0 0 0 0 0 0 0
split_gain=1.00006 1.56651 0.72946 1.10018 0.79206 0.364783 0.000550008 0.000264353 2.20614e-05
threshold=0.99916025700378086 0.0010826765752130487 0.00088612493346118548 0.00092564079275447863 0.00082058183355521186 0.00091178381093720573 0.99910009526334964 0.00082060203478101512 0.00090813291849095601
decision_type=2 2 2 2 2 2 2 2 2
left_child=1 2 4 5 -1 8 -3 -6 -4
right_child=-2 6 3 -5 7 -7 -8 -9 -10
leaf_value=0.023902428114730121 -0.10222407114423174 0.10659317921829355 0.10220709805541615 -0.04607296055909816 -0.10504021856235571 0.018122702564125549 0.10271818190845533 -0.10222407114423167 0.10309991009747083
leaf_weight=0.75789045542478595 0.85133895277976979 0.69633360207080819 0.63383918255567617 1.6112218648195265 0.75642213225364663 0.93684545159339894 0.77281169593334198 0.59593726694583893 0.49128732644021511
leaf_count=11 40 12 30 9 20 6 30 28 18
internal_value=0 0.0123441 -0.0110798 0.0158388 -0.0579355 0.0642165 0.104555 -0.103799 0.102597
internal_weight=0 7.25259 5.78344 3.67319 2.11025 2.06197 1.46915 1.35236 1.12513
internal_count=204 164 122 63 59 54 42 48 48
is_linear=0
shrinkage=0.1


Tree=32
num_leaves=11
num_cat=0
split_feature=0 0 0 0 0 0 0 0 0 0
split_gain=0.898378 1.41086 2.66232 2.01402 0.735327 0.360784 0.593726 0.00040165 0.000194401 2.49627e-07
threshold=0.99916025700378086 0.0010826765752130487 0.00098312715046194898 0.00088612493346118548 0.00082058183355521186 0.00091904368771650324 0.00090974385971515092 0.99910009526334964 0.00082060203478101512 0.000908118014339654
decision_type=2 2 2 2 2 2 2 2 2 2
left_child=1 2 3 4 -1 6 9 -3 -6 -5
right_child=-2 7 -4 5 8 -7 -8 -9 -10 -11
leaf_value=0.021055849031426835 -0.10200795490764664 0.10592655096950195 -0.16488743759736516 0.10199500471798187 -0.10454280902539273 0.12043860506510269 -0.02295042277851056 0.10245284376031219 -0.10200795490764657 0.10210410873989431
leaf_weight=0.77343610674142871 0.77187225222587574 0.63383133709430672 0.92920577526092518 0.38354527205228828 0.68752946332097031 1.1264808028936384 0.68957192078232765 0.70098770782351494 0.5403105765581131 0.46267670765519142
leaf_count=11 40 12 4 20 20 8 8 30 28 23
internal_value=0 0.0117275 -0.0103195 0.0204779 -0.0553181 0.0774551 0.0459273 0.104102 -0.103427 0.102055
internal_weight=0 6.92758 5.59276 4.66355 2.00128 2.66227 1.53579 1.33482 1.22784 0.846222
internal_count=204 164 122 118 59 59 51 42 48 43
is_linear=0
shrinkage=0.1


Tree=33
num_leaves=11
num_cat=0
split_feature=0 0 0 0 0 0 0 0 0 0
split_gain=0.809268 1.26841 2.08229 1.74842 0.683225 0.337994 0.546423 0.000293734 0.000143064 1.83869e-07
threshold=0.99916025700378086 0.0010826765752130487 0.00098312715046194898 0.00088612493346118548 0.00082058183355521186 0.00091904368771650324 0.00090974385971515092 0.99910009526334964 0.00082060203478101512 0.000908118014339654
decision_type=2 2 2 2 2 2 2 2 2 2
left_child=1 2 3 4 -1 6 9 -3 -6 -5
right_child=-2 7 -4 5 8 -7 -8 -9 -10 -11
leaf_value=0.01859701662785734 -0.10181321847770564 0.10533088285175879 -0.14262243044356696 0.10180155902601021 -0.10409605241679863 0.11812001775642429 -0.020332789976234826 0.10221398653534429 -0.10181321847770555 0.10189990645196333
leaf_weight=0.78734197467565525 0.69968670606613148 0.57659201323986031 0.96468329429626454 0.34767203032970451 0.624636150896549 1.0382561385631559 0.69992857798933983 0.63568662852048874 0.48978069424629211 0.41944343969225883
leaf_count=11 40 12 4 20 20 8 8 30 28 23
internal_value=0 0.0113031 -0.00954801 0.0195813 -0.0527123 0.074459 0.0435592 0.103696 -0.103093 0.101855
internal_weight=0 6.58402 5.37174 4.40706 1.90176 2.5053 1.46704 1.21228 1.11442 0.767115
internal_count=204 164 122 118 59 59 51 42 48 43
is_linear=0
shrinkage=0.1


Tree=34
num_leaves=11
num_cat=0
split_feature=0 0 0 0 0 0 0 0 0 0
split_gain=0.72891 1.14159 1.65639 1.5163 0.635092 0.318718 0.503223 0.000215088 0.00010535 1.35496e-07
threshold=0.99916025700378086 0.0010826765752130487 0.00098312715046194898 0.00088612493346118548 0.00082058183355521186 0.00091904368771650324 0.00090974385971515092 0.99910009526334964 0.00082060203478101512 0.000908118014339654
decision_type=2 2 2 2 2 2 2 2 2 2
left_child=1 2 3 4 -1 6 9 -3 -6 -5
right_child=-2 7 -4 5 8 -7 -8 -9 -10 -11
leaf_value=0.016462377134723424 -0.10163770747741104 0.10479793462053429 -0.12541977732052681 0.10162718054642383 -0.10369450912427187 0.11610170362983077 -0.018048195234741386 0.10199886220308503 -0.10163770747741095 0.10171586038857974
leaf_weight=0.79978951066732396 0.63414037227630604 0.52423980832099892 0.98600041866302479 0.31509894877672218 0.56727122515439965 0.95494250953197468 0.70915562286973 0.57634437456727028 0.44389826059341431 0.3801798727363348
leaf_count=11 40 12 4 20 20 8 8 30 28 23
internal_value=0 0.0108764 -0.00885761 0.0187014 -0.0501244 0.0715292 0.0412223 0.103332 -0.102792 0.101676
internal_weight=0 6.25692 5.15634 4.17034 1.81096 2.35938 1.40443 1.10058 1.01117 0.695279
internal_count=204 164 122 118 59 59 51 42 48 43
is_linear=0
shrinkage=0.1


Tree=35
num_leaves=11
num_cat=0
split_feature=0 0 0 0 0 0 0 0 0 0
split_gain=0.545113 1.06664 1.19437 1.5253 0.590413 0.30206 0.821118 0.000157681 7.76247e-05 3.30636e-05
threshold=0.00088612493346118548 0.00098312715046194898 0.0010826765752130487 0.99916025700378086 0.00082058183355521186 0.00091904368771650324 0.00091178381093720573 0.99910009526334964 0.00082060203478101512 0.00090813291849095601
decision_type=2 2 2 2 2 2 2 2 2 2
left_child=4 5 -3 7 -1 6 9 -4 -6 -2
right_child=1 2 3 -5 8 -7 -8 -9 -10 -11
leaf_value=0.014601153837998069 0.10146806784096217 -0.11157279184903479 0.10432057432251088 -0.10147943037564362 -0.1033333628709554 0.11433706995900193 -0.057574513965510415 0.10180503631236099 -0.10147943037564355 0.10274398519888849
leaf_weight=0.81093844771385171 0.42776752263307594 0.9968519210815433 0.47641164064407326 0.57464331388473511 0.51499074324965477 0.87671697884798039 0.53298912942409515 0.52244029939174652 0.40225031971931458 0.38669536449015141
leaf_count=11 30 4 12 40 20 8 3 30 28 18
internal_value=0 0.0179456 -0.0259301 0.0283268 -0.0475617 0.0686504 0.0389244 0.103005 -0.10252 0.102074
internal_weight=0 4.79452 2.57035 1.5735 1.72818 2.22417 1.34745 0.998852 0.917241 0.814463
internal_count=204 145 86 82 59 59 51 42 48 48
is_linear=0
shrinkage=0.1


Tree=36
num_leaves=11
num_cat=0
split_feature=0 0 0 0 0 0 0 0 0 0
split_gain=0.471377 0.925002 0.968328 1.37678 0.548783 0.284228 0.728323 0.000115714 5.72258e-05 2.44352e-05
threshold=0.00088612493346118548 0.00098312715046194898 0.0010826765752130487 0.99916025700378086 0.00082058183355521186 0.00091904368771650324 0.00091178381093720573 0.99910009526334964 0.00082060203478101512 0.00090813291849095601
decision_type=2 2 2 2 2 2 2 2 2 2
left_child=4 5 -3 7 -1 6 9 -4 -6 -2
right_child=1 2 3 -5 8 -7 -8 -9 -10 -11
leaf_value=0.012972236048428794 0.10132641515754159 -0.10007607043696276 0.10389255431975007 -0.10133666518796221 -0.10300835999619223 0.1127883430167084 -0.050180534112798637 0.10163032406898811 -0.10133666518796212 0.10247841787549304
leaf_weight=0.8209293410181997 0.38757363334298156 0.99999988079071078 0.43276043236255624 0.52065402269363403 0.46737820841372013 0.80361922830343235 0.54942704737186432 0.47349481843411922 0.36445781588554382 0.35075698513537645
leaf_count=11 30 4 12 40 20 8 3 30 28 18
internal_value=0 0.0173804 -0.024622 0.0282574 -0.0450321 0.0661214 0.0369991 0.102711 -0.102276 0.101874
internal_weight=0 4.51829 2.42691 1.42691 1.65277 2.09138 1.28776 0.906255 0.831836 0.738331
internal_count=204 145 86 82 59 59 51 42 48 48
is_linear=0
shrinkage=0.1


Tree=37
num_leaves=11
num_cat=0
split_feature=0 0 0 0 0 0 0 0 0 0
split_gain=0.406883 0.80173 0.790831 1.24302 0.509883 0.268359 0.649072 8.49971e-05 4.22069e-05 1.8063e-05
threshold=0.00088612493346118548 0.00098312715046194898 0.0010826765752130487 0.99916025700378086 0.00082058183355521186 0.00091904368771650324 0.00091178381093720573 0.99910009526334964 0.00082060203478101512 0.00090813291849095601
decision_type=2 2 2 2 2 2 2 2 2 2
left_child=4 5 -3 7 -1 6 9 -4 -6 -2
right_child=1 2 3 -5 8 -7 -8 -9 -10 -11
leaf_value=0.011542008747349152 0.10119860016012577 -0.090298915870320198 0.10350844840719792 -0.10120785390948024 -0.10271572233167379 0.11142456686976172 -0.043962810202392011 0.10147276998254269 -0.10120785390948016 0.10223894646868395
leaf_weight=0.82988676428794839 0.35111151635646798 0.99753814935684237 0.39295685291290261 0.47167632728815079 0.42404475621879101 0.735587678849697 0.56360913813114166 0.42906718328595161 0.33017342910170555 0.31808358896523714
leaf_count=11 30 4 12 40 20 8 3 30 28 18
internal_value=0 0.0168175 -0.0233939 0.0281948 -0.0425437 0.0636241 0.0351026 0.102446 -0.102056 0.101693
internal_weight=0 4.25963 2.29124 1.2937 1.5841 1.96839 1.2328 0.822024 0.754218 0.669195
internal_count=204 145 86 82 59 59 51 42 48 48
is_linear=0
shrinkage=0.1


Tree=38
num_leaves=11
num_cat=0
split_feature=0 0 0 0 0 0 0 0 0 0
split_gain=0.350586 0.694283 0.64951 1.1225 0.47346 0.254037 0.580657 6.24859e-05 5.86441e-05 1.33552e-05
threshold=0.00088612493346118548 0.00098312715046194898 0.0010826765752130487 0.99916025700378086 0.00082058183355521186 0.00091904368771650324 0.00091178381093720573 0.99910009526334964 0.00082058856717437411 0.00090813291849095601
decision_type=2 2 2 2 2 2 2 2 2 2
left_child=4 5 -3 7 -1 6 9 -4 -6 -2
right_child=1 2 3 -5 8 -7 -8 -9 -10 -11
leaf_value=0.010282679761009385 0.1010832395328283 -0.081826272010844692 0.103163460575601 -0.1010915877856909 -0.10296895942741364 0.11022012827025918 -0.038676002004599086 0.10133065686142206 -0.10108561493958212 0.10202292629847459
leaf_weight=0.83792086690664269 0.31804296188056447 0.9910652041435245 0.35669048130512215 0.4272562637925148 0.28002168983221054 0.67248745262622822 0.57588708400726318 0.38875281810760498 0.40368623472750187 0.28839230909943581
leaf_count=11 30 4 12 40 10 8 3 30 38 18
internal_value=0 0.0162552 -0.0222285 0.0281385 -0.0401046 0.0611492 0.0332383 0.102208 -0.101857 0.10153
internal_weight=0 4.01857 2.16376 1.1727 1.52163 1.85481 1.18232 0.745443 0.683708 0.606435
internal_count=204 145 86 82 59 59 51 42 48 48
is_linear=0
shrinkage=0.1


Tree=39
num_leaves=11
num_cat=0
split_feature=0 0 0 0 0 0 0 0 0 0
split_gain=0.301539 0.600553 0.5358 1.01386 0.439307 0.240936 0.52107 4.59706e-05 4.31796e-05 9.87644e-06
threshold=0.00088612493346118548 0.00098312715046194898 0.0010826765752130487 0.99916025700378086 0.00082058183355521186 0.00091904368771650324 0.00091178381093720573 0.99910009526334964 0.00082058856717437411 0.00090813291849095601
decision_type=2 2 2 2 2 2 2 2 2 2
left_child=4 5 -3 7 -1 6 9 -4 -6 -2
right_child=1 2 3 -5 8 -7 -8 -9 -10 -11
leaf_value=0.0091710906273169499 0.1009790920076972 -0.074374722824003273 0.10285337115453674 -0.10098663028838478 -0.10267846714854811 0.10915368408588702 -0.034140402200174891 0.10120243048561528 -0.10098123725654916 0.10182800794174569
leaf_weight=0.84512942284345605 0.2880588732659819 0.98180383443832431 0.3236703425645826 0.38697879761457443 0.25405442342162132 0.61413224786519993 0.58654975891113281 0.35218111239373684 0.36562875099480152 0.26142223179340363
leaf_count=11 30 4 12 40 10 8 3 30 38 18
internal_value=0 0.0156922 -0.0211133 0.0280877 -0.0377228 0.0586904 0.0314102 0.101993 -0.101677 0.101383
internal_weight=0 3.7948 2.04463 1.06283 1.46481 1.75016 1.13603 0.675851 0.619683 0.549481
internal_count=204 145 86 82 59 59 51 42 48 48
is_linear=0
shrinkage=0.1


Tree=40
num_leaves=11
num_cat=0
split_feature=0 0 0 0 0 0 0 0 0 0
split_gain=0.258894 0.518769 0.443561 0.915899 0.407264 0.228798 0.468785 3.38439e-05 3.18114e-05 7.30517e-06
threshold=0.00088612493346118548 0.00098312715046194898 0.0010826765752130487 0.99916025700378086 0.00082058183355521186 0.00091904368771650324 0.00091178381093720573 0.99910009526334964 0.00082058856717437411 0.00090813291849095601
decision_type=2 2 2 2 2 2 2 2 2 2
left_child=4 5 -3 7 -1 6 9 -4 -6 -2
right_child=1 2 3 -5 8 -7 -8 -9 -10 -11
leaf_value=0.008187800260429293 0.10088505204655476 -0.067744697001748191 0.10257448131925634 -0.10089186280423773 -0.10241708881069717 0.10820724777138663 -0.030220794519349527 0.10108669260270516 -0.10088699326230384 0.10165208874519181
leaf_weight=0.85159938782453515 0.26087705045938514 0.97068887948989846 0.29362475126981735 0.3504650667309761 0.23043472319841385 0.56030133366584767 0.59583650529384613 0.31901293434202671 0.33112790435552597 0.23693315498530865
leaf_count=11 30 4 12 40 10 8 3 30 38 18
internal_value=0 0.0151275 -0.0200392 0.028042 -0.0354059 0.0562444 0.0296226 0.1018 -0.101515 0.10125
internal_weight=0 3.58774 1.93379 0.963103 1.41316 1.65395 1.09365 0.612638 0.561563 0.49781
internal_count=204 145 86 82 59 59 51 42 48 48
is_linear=0
shrinkage=0.1


Tree=41
num_leaves=8
num_cat=0
split_feature=0 0 0 0 0 0 0
split_gain=0.221887 0.447426 0.377195 0.36827 0.827529 2.49309e-05 2.3449e-05
threshold=0.00088612493346118548 0.00098312715046194898 0.00082058183355521186 0.0010826765752130487 0.99916025700378086 0.99910009526334964 0.00082058856717437411
decision_type=2 2 2 2 2 2 2
left_child=2 -2 -1 -3 5 -5 -4
right_child=1 3 6 4 -6 -7 -8
leaf_value=0.0073163302263759486 0.053810231345905436 -0.061792100284704637 -0.1021817895603729 0.10232349670709789 -0.10080626134333193 0.10098221361340227 -0.1008018729898551
leaf_weight=0.85740804672241189 1.5656433943659069 0.95843195915222146 0.20896164700388908 0.26630115509033203 0.31736947596073151 0.28893830254673958 0.29985706228762865
leaf_count=11 59 4 10 12 40 30 38
internal_value=0 0.0145606 -0.0331608 -0.019 0.0280007 0.101626 -0.101369
internal_weight=0 3.39668 1.36623 1.83104 0.872609 0.555239 0.508819
internal_count=204 145 59 86 82 42 48
is_linear=0
shrinkage=0.1


Tree=42
num_leaves=8
num_cat=0
split_feature=0 0 0 0 0 0 0
split_gain=0.18864 0.378121 0.348986 0.306514 0.747791 1.83753e-05 1.72934e-05
threshold=0.00088612493346118548 0.00098312715046194898 0.00082058183355521186 0.0010826765752130487 0.99916025700378086 0.99910009526334964 0.00082058856717437411
decision_type=2 2 2 2 2 2 2
left_child=2 -2 -1 -3 5 -5 -4
right_child=1 3 6 4 -6 -7 -8
leaf_value=0.0065426621334625599 0.050498569157077768 -0.056410444870494916 -0.10196986917681428 0.10209750438328045 -0.10072895278937542 0.10088787241225067 -0.10072498241137647
leaf_weight=0.86262432485818841 1.5047457534819844 0.9455713629722593 0.18944926559925079 0.24146544188261032 0.28737697750329971 0.26167421601712704 0.27151846140623093
leaf_count=11 59 4 10 12 40 30 38
internal_value=0 0.0138091 -0.0309937 -0.0179913 0.0279635 0.101468 -0.101237
internal_weight=0 3.24083 1.32359 1.73609 0.790517 0.50314 0.460968
internal_count=204 145 59 86 82 42 48
is_linear=0
shrinkage=0.1


Tree=43
num_leaves=6
num_cat=0
split_feature=0 0 0 0 0
split_gain=0.160047 0.318851 0.255668 0.675823 1.35503e-05
threshold=0.00088612493346118548 0.00098312715046194898 0.0010826765752130487 0.99916025700378086 0.99910009526334964
decision_type=2 2 2 2 2
left_child=-1 -2 -3 4 -4
right_child=1 2 3 -5 -6
leaf_value=-0.028909701165436938 0.047288294813250281 -0.05151940025527766 0.10189392388423391 -0.10065910400425349 0.10080266348431535
leaf_weight=1.2848767358809707 1.4491889206692579 0.9325100779533384 0.21890126913785934 0.26020070537924767 0.23696258664131165
leaf_count=59 59 4 12 40 30
internal_value=0 0.0130697 -0.0170103 0.0279299 0.101327
internal_weight=0 3.09776 1.64857 0.716065 0.455864
internal_count=204 145 86 82 42
is_linear=0
shrinkage=0.1


Tree=44
num_leaves=6
num_cat=0
split_feature=0 0 0 0 0
split_gain=0.134438 0.268277 0.213681 0.610851 9.99655e-06
threshold=0.00088612493346118548 0.00098312715046194898 0.0010826765752130487 0.99916025700378086 0.99910009526334964
decision_type=2 2 2 2 2
left_child=-1 -2 -3 4 -4
right_child=1 2 3 -5 -6
leaf_value=-0.026724815856993673 0.04418647470618197 -0.047057048233408283 0.10171044882115732 -0.10059598753279241 0.1007257018467229
leaf_weight=1.2526773223653433 1.3985494188964369 0.91954582929611184 0.19840916991233826 0.23557953536510468 0.2145681157708168
leaf_count=59 59 4 12 40 30
internal_value=0 0.012344 -0.0160555 0.0278996 0.101199
internal_weight=0 2.96665 1.5681 0.648557 0.412977
internal_count=204 145 86 82 42
is_linear=0
shrinkage=0.1


Tree=45
num_leaves=6
num_cat=0
split_feature=0 0 0 0 0
split_gain=0.112701 0.225225 0.178927 0.552183 7.37798e-06
threshold=0.00088612493346118548 0.00098312715046194898 0.0010826765752130487 0.99916025700378086 0.99910009526334964
decision_type=2 2 2 2 2
left_child=-1 -2 -3 4 -4
right_child=1 2 3 -5 -6
leaf_value=-0.024657191864888975 0.041199559692907159 -0.042974670391198011 0.10154503776027553 -0.10053895288504942 0.10065616305623733
leaf_weight=1.2235329449176786 1.3524316153489055 0.90689408779144265 0.17980560287833214 0.2132759615778923 0.19427656661719084
leaf_count=59 59 4 12 40 30
internal_value=0 0.0116336 -0.0151263 0.0278722 0.101083
internal_weight=0 2.84668 1.49425 0.587358 0.374082
internal_count=204 145 86 82 42
is_linear=0
shrinkage=0.1


Tree=46
num_leaves=6
num_cat=0
split_feature=0 0 0 0 0
split_gain=0.0942953 0.188664 0.150105 0.499197 5.44719e-06
threshold=0.00088612493346118548 0.00098312715046194898 0.0010826765752130487 0.99916025700378086 0.99910009526334964
decision_type=2 2 2 2 2
left_child=-1 -2 -3 4 -4
right_child=1 2 3 -5 -6
leaf_value=-0.022707465761398669 0.038333225190918814 -0.039233092960114714 0.10139584828306834 -0.10048740143221993 0.10059333301334872
leaf_weight=1.1971662221476438 1.3104666522704067 0.8947065472602842 0.16292203590273857 0.19307402893900871 0.17589292023330927
leaf_count=59 59 4 12 40 30
internal_value=0 0.0109402 -0.0142229 0.0278475 0.100979
internal_weight=0 2.73706 1.4266 0.531889 0.338815
internal_count=204 145 86 82 42
is_linear=0
shrinkage=0.1


Tree=47
num_leaves=9
num_cat=0
split_feature=0 0 0 0 0 0 0 0
split_gain=0.0787463 0.324967 0.221981 0.438411 0.126162 0.451333 4.02299e-06 2.39243e-06
threshold=0.00088612493346118548 0.00091178381093720573 0.00091904368771650324 0.00098312715046194898 0.0010826765752130487 0.99916025700378086 0.99910009526334964 0.00090813291849095601
decision_type=2 2 2 2 2 2 2 2
left_child=-1 7 -3 -4 -5 6 -6 -2
right_child=1 2 3 4 5 -7 -8 -9
leaf_value=-0.020875157841245728 0.10060755888758705 -0.060286836344424423 0.10559311749182893 -0.035800082614952197 0.10126124977436782 -0.10044080450178548 0.10053654923462987 0.10113535654945892
leaf_weight=1.1733228014782073 0.18007196951657567 0.52708724141120944 0.40096103027462948 0.88308572769165017 0.14760392904281616 0.17477754503488541 0.15923981089144945 0.16419060342013836
leaf_count=59 30 3 8 4 12 40 30 18
internal_value=0 0.0102658 -0.00333706 0.0136636 -0.013346 0.0278251 0.100885 0.100859
internal_weight=0 2.63702 2.29276 1.76567 1.36471 0.481621 0.306844 0.344263
internal_count=204 145 97 94 86 82 42 48
is_linear=0
shrinkage=0.1


Tree=48
num_leaves=6
num_cat=0
split_feature=0 0 0 0 0
split_gain=0.0664332 0.134909 0.106244 0.408089 2.97214e-06
threshold=0.00088612493346118548 0.00098312715046194898 0.0010826765752130487 0.99916025700378086 0.99910009526334964
decision_type=2 2 2 2 2
left_child=-1 -2 -3 4 -4
right_child=1 2 3 -5 -6
leaf_value=-0.019158794754748253 0.033724955292503259 -0.032648526020374595 0.10113979690490238 -0.10039868185275209 0.10048523025065909
leaf_weight=1.1517699640244248 1.2207318185828628 0.8720959424972532 0.13370978459715843 0.15820823609828949 0.14415598474442959
leaf_count=59 59 4 12 40 30
internal_value=0 0.00981513 -0.0124966 0.027805 0.1008
internal_weight=0 2.5289 1.30817 0.436074 0.277866
internal_count=204 145 86 82 42
is_linear=0
shrinkage=0.1


Tree=49
num_leaves=6
num_cat=0
split_feature=0 0 0 0 0
split_gain=0.0552855 0.112259 0.0896515 0.369014 2.19631e-06
threshold=0.00088612493346118548 0.00098312715046194898 0.0010826765752130487 0.99916025700378086 0.99910009526334964
decision_type=2 2 2 2 2
left_child=-1 -2 -3 4 -4
right_child=1 2 3 -5 -6
leaf_value=-0.01755601017741559 0.031181665287605322 -0.029755124930246919 0.10103016030621614 -0.10036059702750449 0.10043884490368887
leaf_weight=1.1322948578745129 1.1899396162480118 0.86177277565002419 0.1211102306842804 0.14320429414510727 0.13049490749835968
leaf_count=59 59 4 12 40 30
internal_value=0 0.00916919 -0.0116759 0.0277868 0.100723
internal_weight=0 2.44652 1.25658 0.394809 0.251605
internal_count=204 145 86 82 42
is_linear=0
shrinkage=0.1


Tree=50
num_leaves=9
num_cat=0
split_feature=0 0 0 0 0 0 0 0
split_gain=0.0550835 0.357752 0.182809 0.315993 0.0758114 0.333702 1.62336e-06 1.46028e-06
threshold=0.00091904368771650324 0.00098312715046194898 0.00091178381093720573 0.00088612493346118548 0.0010826765752130487 0.99916025700378086 0.99910009526334964 0.00090813291849095601
decision_type=2 2 2 2 2 2 2 2
left_child=2 -2 3 -1 -3 6 -6 -5
right_child=1 4 -4 7 5 -7 -8 -9
leaf_value=-0.01606364399176672 0.10471642585587809 -0.027099433723266876 -0.060901660133938745 0.10051487899289753 0.10093116055066252 -0.10032615988516427 0.1003969061641008 0.10096226852239848
leaf_weight=1.1147033004090192 0.34379294887185086 0.85212987661361672 0.52575941383838642 0.15288494527339924 0.10968708246946335 0.1296188123524189 0.11812349315732718 0.13954935967922211
leaf_count=59 8 4 3 30 12 40 30 18
internal_value=0 0.0147001 -0.01059 0.00820832 -0.0108852 0.0277703 0.100654 0.100728
internal_weight=0 1.55335 1.9329 1.40714 1.20956 0.357429 0.227811 0.292434
internal_count=204 94 110 107 86 82 42 48
is_linear=0
shrinkage=0.1


Tree=51
num_leaves=8
num_cat=0
split_feature=0 0 0 0 0 0 0
split_gain=0.0604558 0.362304 0.0795557 0.0642512 0.301786 7.54208e-06 1.20014e-06
threshold=0.00082058183355521186 0.00088612493346118548 0.00098312715046194898 0.0010826765752130487 0.99916025700378086 0.00082058856717437411 0.99910009526334964
decision_type=2 2 2 2 2 2 2
left_child=-1 5 -3 -4 6 -2 -5
right_child=1 2 3 4 -6 -7 -8
leaf_value=0.025843879335652784 -0.10149084520586538 0.027182774269408294 -0.024663179356700933 0.10084176406259041 -0.10029503105466711 -0.10054936684035604 0.10035899437500331
leaf_weight=0.74761418998241458 0.14473668299615416 1.1203890643082561 0.84316468238830544 0.099332481622695923 0.11731850914657116 0.20646738540381193 0.10692087933421135
leaf_count=11 10 59 4 12 40 38 30
internal_value=0 -0.00637092 0.00815042 -0.0101259 0.0277554 -0.100937 0.100591
internal_weight=0 2.63833 2.28713 1.16674 0.323572 0.351204 0.206253
internal_count=204 193 145 86 82 48 42
is_linear=0
shrinkage=0.1


Tree=52
num_leaves=8
num_cat=0
split_feature=0 0 0 0 0 0 0
split_gain=0.0502658 0.160861 0.27165 0.00621489 0.272936 9.97008e-07 8.87449e-07
threshold=0.00091904368771650324 0.00091178381093720573 0.00088612493346118548 0.0010826765752130487 0.99916025700378086 0.00090813291849095601 0.99910009526334964
decision_type=2 2 2 2 2 2 2
left_child=1 2 -1 -2 6 -4 -5
right_child=3 -3 5 4 -6 -7 -8
leaf_value=-0.013588622747683243 0.011410503066130496 -0.056459621652568459 0.10045315091851109 0.10076101883835252 -0.10026687410579933 0.10084689119139822 0.10032471345094614
leaf_weight=1.0823012180626395 1.139554977416992 0.53543561697006214 0.1347224274650215 0.0899481140077113 0.10618247091770172 0.12304670782759786 0.096777386497706175
leaf_count=59 12 3 30 12 40 18 30
internal_value=0 -0.0101281 0.00838403 0.0147499 0.027742 0.100641 0.100535
internal_weight=0 1.87551 1.34007 1.43246 0.292908 0.257769 0.186726
internal_count=204 110 107 94 82 48 42
is_linear=0
shrinkage=0.1


Tree=53
num_leaves=8
num_cat=0
split_feature=0 0 0 0 0 0 0
split_gain=0.0552622 0.319294 0.0735833 0.0527996 0.246855 5.349e-06 6.56334e-07
threshold=0.00082058183355521186 0.00088612493346118548 0.00098312715046194898 0.0010826765752130487 0.99916025700378086 0.00082058856717437411 0.99910009526334964
decision_type=2 2 2 2 2 2 2
left_child=-1 5 -3 -4 6 -2 -5
right_child=1 2 3 4 -6 -7 -8
leaf_value=0.024356141735275484 -0.10132878303804718 0.025490858241889576 -0.023465092673522495 0.10068807358333028 -0.10024141443214543 -0.10049011006955139 0.10029371802012038
leaf_weight=0.75546569377183947 0.12941610068082843 1.086415433790535 0.83872002363204934 0.081444382667541504 0.096101034432649612 0.18441404309123755 0.087593488860875368
leaf_count=11 10 59 4 12 40 38 30
internal_value=0 -0.00650136 0.00701523 -0.0111684 0.0277298 -0.100836 0.100484
internal_weight=0 2.5041 2.19027 1.10386 0.265139 0.31383 0.169038
internal_count=204 193 145 86 82 48 42
is_linear=0
shrinkage=0.1


Tree=54
num_leaves=9
num_cat=0
split_feature=0 0 0 0 0 0 0 0
split_gain=0.0451767 0.301871 0.141656 0.121956 0.0448004 0.223276 0.0349928 4.85499e-07
threshold=0.00091904368771650324 0.00098312715046194898 0.00091178381093720573 0.00082447404323249273 0.0010826765752130487 0.99916025700378086 0.000908118014339654 0.99910009526334964
decision_type=2 2 2 2 2 2 2 2
left_child=2 -2 3 -1 -3 7 -5 -6
right_child=1 4 -4 6 5 -7 -8 -9
leaf_value=-0.0075692662274243821 0.10398391580587357 -0.021332209148586086 -0.052469951956311545 0.028586846975465409 0.10062216964832271 -0.10021838889070214 0.10065377643132332 0.10026568848241904
leaf_weight=1.0112733161076906 0.29450005292892445 0.83075785636901833 0.5442848503589629 0.12354633305221785 0.073739737272262573 0.086974771693348885 0.1481943903490901 0.079278897028416395
leaf_count=49 8 4 3 30 12 40 28 30
internal_value=0 0.0143224 -0.00972204 0.00841263 -0.0103381 0.0277188 0.0678887 0.100437
internal_weight=0 1.36525 1.8273 1.28301 1.07075 0.239993 0.271741 0.153019
internal_count=204 94 110 107 86 82 58 42
is_linear=0
shrinkage=0.1


Tree=55
num_leaves=8
num_cat=0
split_feature=0 0 0 0 0 0 0
split_gain=0.0479736 0.286683 0.0531492 0.0381116 0.201957 3.83302e-06 3.59172e-07
threshold=0.00082058183355521186 0.00088612493346118548 0.00098312715046194898 0.0010826765752130487 0.99916025700378086 0.00082058856717437411 0.99910009526334964
decision_type=2 2 2 2 2 2 2
left_child=-1 5 -3 -4 6 -2 -5
right_child=1 2 3 4 -6 -7 -8
leaf_value=0.022344118422508656 -0.10119167905331375 0.02243104312430318 -0.019379529995574993 0.1005626105073959 -0.10019755545679826 -0.10044436179150573 0.10024034034055983
leaf_weight=0.76632876694202456 0.1163779012858871 1.0379254072904589 0.82342153787612893 0.066759981215000153 0.078713558614253998 0.16729031223803759 0.071751726791262627
leaf_count=11 10 59 4 12 40 38 30
internal_value=0 -0.00645004 0.00641945 -0.00955027 0.0277089 -0.100751 0.100396
internal_weight=0 2.36224 2.07857 1.04065 0.217225 0.283668 0.138512
internal_count=204 193 145 86 82 48 42
is_linear=0
shrinkage=0.1


Tree=56
num_leaves=6
num_cat=0
split_feature=0 0 0 0 0
split_gain=0.041196 0.262534 0.124199 0.107246 0.0311619
threshold=0.00091904368771650324 0.00098312715046194898 0.00091178381093720573 0.00082447404323249273 0.000908118014339654
decision_type=2 2 2 2 2
left_child=2 -2 3 -1 -5
right_child=1 -3 -4 4 -6
leaf_value=-0.0063551120800716138 0.10351085559049658 -0.0088051480898193486 -0.048678737854962753 0.029533405800087998 0.10057826224334528
leaf_weight=0.99669396039098523 0.26190557703375805 1.0132913128472862 0.55282433331012715 0.11659082025289536 0.13122890703380108
leaf_count=49 8 86 3 30 28
internal_value=0 0.0142628 -0.00923744 0.00828275 0.0671541
internal_weight=0 1.2752 1.79734 1.24451 0.24782
internal_count=204 94 110 107 58
is_linear=0
shrinkage=0.1


Tree=57
num_leaves=5
num_cat=0
split_feature=0 0 0 0
split_gain=0.04137 0.257957 0.0383717 2.7547e-06
threshold=0.00082058183355521186 0.00088612493346118548 0.00098312715046194898 0.00082058856717437411
decision_type=2 2 2 2
left_child=-1 3 -3 -2
right_child=1 2 -4 -5
leaf_value=0.020455013997888193 -0.10107017428135903 0.019708437254898434 -0.0079462134840380255 -0.10040367329741424
leaf_weight=0.77679230272769961 0.1047628186643127 0.99635821441188488 1.0106839132495222 0.15196062391623855
leaf_count=11 10 59 86 38
internal_value=0 -0.00629051 0.00578242 -0.100676
internal_weight=0 2.26377 2.00704 0.256723
internal_count=204 193 145 48
is_linear=0
shrinkage=0.1


Tree=58
num_leaves=5
num_cat=0
split_feature=0 0 0 0
split_gain=0.0362698 0.108527 0.0950451 0.0277518
threshold=0.00091904368771650324 0.00091178381093720573 0.00082447404323249273 0.000908118014339654
decision_type=2 2 2 2
left_child=1 2 -1 -4
right_child=-2 -3 3 -5
leaf_value=-0.0053327098772421311 0.013556238592476781 -0.04509253493242997 0.030510670733800545 0.10051287594158272
leaf_weight=0.98443621164187811 1.2417063089087603 0.56101016700267781 0.11019867146387696 0.11650785431265831
leaf_count=49 94 3 30 28
internal_value=0 -0.00873193 0.00811057 0.0664858
internal_weight=0 1.77215 1.21114 0.226707
internal_count=204 110 107 58
is_linear=0
shrinkage=0.1


Tree=59
num_leaves=5
num_cat=0
split_feature=0 0 0 0
split_gain=0.0355072 0.142206 0.0351024 0.0292921
threshold=0.00082058183355521186 0.00090811056246781219 0.00082205770456189608 0.00098312715046194898
decision_type=2 2 2 2
left_child=-1 2 -2 -3
right_child=1 3 -4 -5
leaf_value=0.018692393271491182 -0.10068160558566425 0.015991446519840826 -0.024443759536591173 -0.0084937195069425039
leaf_weight=0.78679401427507434 0.17531710024923119 0.94437754480168212 0.092132508289068937 1.0123450504615901
leaf_count=11 33 49 25 86
internal_value=0 -0.00602466 -0.0744188 0.00332361
internal_weight=0 2.22417 0.26745 1.95672
internal_count=204 193 58 135
is_linear=0
shrinkage=0.1


Tree=60
num_leaves=5
num_cat=0
split_feature=0 0 0 0
split_gain=0.0318018 0.0932017 0.0548765 0.082735
threshold=0.00091904368771650324 0.00091178381093720573 0.00082205770456189608 0.00090811056246781219
decision_type=2 2 2 2
left_child=1 2 -1 -4
right_child=-2 -3 3 -5
leaf_value=-0.0028665636788689779 0.012647034112223175 -0.041556411057123828 -0.022130398752572011 0.10042898593478924
leaf_weight=0.95802985201589785 1.2368075759150086 0.56917512416839589 0.091616092249751091 0.13811749522574246
leaf_count=44 94 3 25 38
internal_value=0 -0.00828465 0.00765914 0.0515532
internal_weight=0 1.75694 1.18776 0.229734
internal_count=204 110 107 63
is_linear=0
shrinkage=0.1


Tree=61
num_leaves=5
num_cat=0
split_feature=0 0 0 0
split_gain=0.0296571 0.120784 0.0375875 0.0287905
threshold=0.00082058183355521186 0.00090811056246781219 0.00082205770456189608 0.00098312715046194898
decision_type=2 2 2 2
left_child=-1 2 -2 -3
right_child=1 3 -4 -5
leaf_value=0.016872368959115525 -0.10061472559862439 0.015465710263864396 -0.020014587222578303 -0.0088984857898519992
leaf_weight=0.79737105965614352 0.15828211139887605 0.93002881295979012 0.09119473397731781 1.0135751157067714
leaf_count=11 33 49 25 86
internal_value=0 -0.00564797 -0.0711518 0.00275996
internal_weight=0 2.19308 0.249477 1.9436
internal_count=204 193 58 135
is_linear=0
shrinkage=0.1


Tree=62
num_leaves=5
num_cat=0
split_feature=0 0 0 0
split_gain=0.0282114 0.0803794 0.0481686 0.0733665
threshold=0.00091904368771650324 0.00091178381093720573 0.00082205770456189608 0.00090811056246781219
decision_type=2 2 2 2
left_child=1 2 -1 -4
right_child=-2 -3 3 -5
leaf_value=-0.0024273248578880191 0.011877985831927741 -0.038440099755543335 -0.018085072344530561 0.10038211502510151
leaf_weight=0.95207071281038247 1.2319836094975469 0.5764389932155608 0.090851286659017205 0.1231181479524821
leaf_count=44 94 3 25 38
internal_value=0 -0.00789309 0.007208 0.050081
internal_weight=0 1.74248 1.16604 0.213969
internal_count=204 110 107 63
is_linear=0
shrinkage=0.1


Tree=63
num_leaves=5
num_cat=0
split_feature=0 0 0 0
split_gain=0.0247306 0.102618 0.0393312 0.0281694
threshold=0.00082058183355521186 0.00090811056246781219 0.00082205770456189608 0.00098312715046194898
decision_type=2 2 2 2
left_child=-1 2 -2 -3
right_child=1 3 -4 -5
leaf_value=0.015232737725942051 -0.10055466434830791 0.014995181533775062 -0.016329671984793417 -0.0091885645436385801
leaf_weight=0.80712370574474368 0.14295536652207408 0.91705063986591984 0.090571570908650756 1.0144575750455258
leaf_count=11 33 49 25 86
internal_value=0 -0.00527654 -0.0678887 0.00229351
internal_weight=0 2.16504 0.233527 1.93151
internal_count=204 193 58 135
is_linear=0
shrinkage=0.1


Tree=64
num_leaves=5
num_cat=0
split_feature=0 0 0 0
split_gain=0.0253083 0.0695687 0.042055 0.0656324
threshold=0.00091904368771650324 0.00091178381093720573 0.00082205770456189608 0.00090811056246781219
decision_type=2 2 2 2
left_child=1 2 -1 -4
right_child=-2 -3 3 -5
leaf_value=-0.0020584456704386806 0.011224290796142759 -0.035681543127918124 -0.01473583508693993 0.10034053518221403
leaf_weight=0.94692634022794686 1.2272440418601034 0.58291523158550251 0.090343898627907038 0.10979295475408435
leaf_count=44 94 3 25 38
internal_value=0 -0.00755103 0.00674435 0.0483938
internal_weight=0 1.72998 1.14706 0.200137
internal_count=204 110 107 63
is_linear=0
shrinkage=0.1


Tree=65
num_leaves=5
num_cat=0
split_feature=0 0 0 0
split_gain=0.0205912 0.0649465 0.127421 3.38117e-07
threshold=0.00082058183355521186 0.00091904368771650324 0.00088612493346118548 0.00082060203478101512
decision_type=2 2 2 2
left_child=-1 2 3 -2
right_child=1 -3 -4 -5
leaf_value=0.013755015033437368 -0.10058560209891297 0.01009274115305335 -0.0065767508682191174 -0.10031121292750916
leaf_weight=0.81610055267810855 0.095203774981201028 1.2282949150539932 0.73114190739579499 0.085008981870487332
leaf_count=11 20 94 51 28
internal_value=0 -0.00491443 -0.0251406 -0.100456
internal_weight=0 2.13965 0.911355 0.180213
internal_count=204 193 99 48
is_linear=0
shrinkage=0.1


Tree=66
num_leaves=3
num_cat=0
split_feature=0 0
split_gain=0.0173026 0.0295997
threshold=0.00098312715046194898 0.00088612493346118548
decision_type=2 2
left_child=1 -1
right_child=-2 -3
leaf_value=-0.0063558177485742041 -0.010366844788073037 0.018394805904290188
leaf_weight=0.98868739698082231 1.0180504433810709 0.94504179176874459
leaf_count=59 86 59
internal_value=0 0.00574017
internal_weight=0 1.93373
internal_count=204 118
is_linear=0
shrinkage=0.1


Tree=67
num_leaves=6
num_cat=0
split_feature=0 0 0 0 0
split_gain=0.0189346 0.0621663 0.0315211 0.15372 3.06509e-10
threshold=0.00091904368771650324 0.00091178381093720573 0.00082062812964289755 0.00088612493346118548 0.000908118014339654
decision_type=2 2 2 2 2
left_child=1 2 -1 -4 -5
right_child=-2 -3 3 4 -6
leaf_value=-0.00037004423715176273 0.0096727228011292167 -0.0329126746919483 -0.1002991379208777 0.10033357185577817 0.10032407729491088
leaf_weight=0.93031073268502973 1.2225445997901259 0.58945253491401661 0.052971402183175087 0.063025928102433681 0.073831667425110936
leaf_count=41 94 3 18 20 28
internal_value=0 -0.00662555 0.00720755 0.0443437 0.100328
internal_weight=0 1.70959 1.12014 0.189829 0.136858
internal_count=204 110 107 66 48
is_linear=0
shrinkage=0.1


Tree=68
num_leaves=5
num_cat=0
split_feature=0 0 0 0
split_gain=0.0187044 0.0535133 0.0396797 0.0388367
threshold=0.00082058183355521186 0.00091904368771650324 0.00090811056246781219 0.00082205770456189608
decision_type=2 2 2 2
left_child=-1 2 3 -2
right_child=1 -3 -4 -5
leaf_value=0.012973368072355971 -0.10044981717188646 0.008698144713761435 -0.012414699717662972 -0.0085970577964760517
leaf_weight=0.82092237472534213 0.11546980775892768 1.2235176051035521 0.68726018373854458 0.076547156786546111
leaf_count=11 33 94 41 25
internal_value=0 -0.00482539 -0.0236434 -0.0638329
internal_weight=0 2.10279 0.879277 0.192017
internal_count=204 193 99 58
is_linear=0
shrinkage=0.1


Tree=69
num_leaves=3
num_cat=0
split_feature=0 0
split_gain=0.0199211 0.0257141
threshold=0.00098312715046194898 0.00088612493346118548
decision_type=2 2
left_child=1 -1
right_child=-2 -3
leaf_value=-0.0051745463023764957 -0.011142235232068002 0.018058578020829438
leaf_weight=0.97561799292452656 1.0204215720295904 0.93095987709239125
leaf_count=59 86 59
internal_value=0 0.00616992
internal_weight=0 1.90658
internal_count=204 118
is_linear=0
shrinkage=0.1


Tree=70
num_leaves=5
num_cat=0
split_feature=0 0 0 0
split_gain=0.0165854 0.0505485 0.0336651 0.0499765
threshold=0.00082058183355521186 0.00091904368771650324 0.00090811056246781219 0.00082447404323249273
decision_type=2 2 2 2
left_child=-1 2 3 -2
right_child=1 -3 -4 -5
leaf_value=0.012111624840252416 -0.10038854092427563 0.0084980746654565592 -0.01301647957790654 0.01016493906770486
leaf_weight=0.82629830390214953 0.11669638974126462 1.2176431166008113 0.68524227454327047 0.062946926336735487
leaf_count=11 38 94 41 20
internal_value=0 -0.00463232 -0.0231182 -0.0616507
internal_weight=0 2.08253 0.864886 0.179643
internal_count=204 193 99 58
is_linear=0
shrinkage=0.1


Tree=71
num_leaves=3
num_cat=0
split_feature=0 0
split_gain=0.0189093 0.0223765
threshold=0.00098312715046194898 0.00088612493346118548
decision_type=2 2
left_child=1 -1
right_child=-2 -3
leaf_value=-0.0046076499236507853 -0.010886277191732362 0.017148914323405321
leaf_weight=0.96891204488929383 1.0196382468566296 0.92311141733080149
leaf_count=59 86 59
internal_value=0 0.0060073
internal_weight=0 1.89202
internal_count=204 118
is_linear=0
shrinkage=0.1


Tree=72
num_leaves=3
num_cat=0
split_feature=0 0
split_gain=0.0153997 0.018349
threshold=0.00098312715046194898 0.00088612493346118548
decision_type=2 2
left_child=1 -1
right_child=-2 -3
leaf_value=-0.0041642023584356922 -0.0098304625737485538 0.015611046444747959
leaf_weight=0.96509430522564821 1.0164132560603318 0.91318947379477322
leaf_count=59 86 59
internal_value=0 0.00545019
internal_weight=0 1.87828
internal_count=204 118
is_linear=0
shrinkage=0.1


Tree=73
num_leaves=7
num_cat=0
split_feature=0 0 0 0 0 0
split_gain=0.0162803 0.0606265 0.00559335 0.253812 1.15793e-07 1.15294e-11
threshold=0.00091904368771650324 0.00091178381093720573 0.00082058183355521186 0.00088612493346118548 0.00082060203478101512 0.000908118014339654
decision_type=2 2 2 2 2 2
left_child=1 2 -1 4 -4 -5
right_child=-2 -3 3 5 -6 -7
leaf_value=0.0117443309640426 0.0089336734650686794 -0.032047418748993528 -0.1004244955869521 0.10028781072254847 -0.10023776072345075 0.10028584188093376
leaf_weight=0.8286089822649958 1.2063201251439748 0.59150183200836171 0.069209011271595955 0.054721252527087927 0.063836785964667797 0.06515956949442625
leaf_count=11 94 3 20 20 28 28
internal_value=0 -0.00630669 0.00777115 -0.00524531 -0.100335 0.100287
internal_weight=0 1.67304 1.08154 0.252927 0.133046 0.119881
internal_count=204 110 107 96 48 48
is_linear=0
shrinkage=0.1


Tree=74
num_leaves=3
num_cat=0
split_feature=0 0
split_gain=0.0151447 0.0157024
threshold=0.00098312715046194898 0.00088612493346118548
decision_type=2 2
left_child=1 -1
right_child=-2 -3
leaf_value=-0.0034737684628882702 -0.0097433364911428885 0.014925895557348993
leaf_weight=0.9571957577718424 1.0161475753411648 0.89984717860352248
leaf_count=59 86 59
internal_value=0 0.00544196
internal_weight=0 1.85704
internal_count=204 118
is_linear=0
shrinkage=0.1


Tree=75
num_leaves=7
num_cat=0
split_feature=0 0 0 0 0 0
split_gain=0.0153017 0.0533106 0.00494774 0.227413 8.48364e-08 7.87148e-12
threshold=0.00091904368771650324 0.00091178381093720573 0.00082058183355521186 0.00088612493346118548 0.00082060203478101512 0.000908118014339654
decision_type=2 2 2 2 2 2
left_child=1 2 -1 4 -4 -5
right_child=-2 -3 3 5 -6 -7
leaf_value=0.010839270091489698 0.0086573767635564538 -0.030092511529102889 -0.10038264277448335 0.10025649353639042 -0.10021434617330927 0.1002547707980823
leaf_weight=0.8343528136610987 1.2017539911903439 0.59614129364490498 0.062431310070678592 0.048796723131090403 0.057574826758354902 0.058104758150875568
leaf_count=11 94 3 20 20 28 28
internal_value=0 -0.00616325 0.00727851 -0.0058146 -0.100302 0.100256
internal_weight=0 1.6574 1.06126 0.226908 0.120006 0.106901
internal_count=204 110 107 96 48 48
is_linear=0
shrinkage=0.1


Tree=76
num_leaves=3
num_cat=0
split_feature=0 0
split_gain=0.0148326 0.013617
threshold=0.00098312715046194898 0.00088612493346118548
decision_type=2 2
left_child=1 -1
right_child=-2 -3
leaf_value=-0.0028993203943101717 -0.0096378104306139162 0.014323203842208275
leaf_weight=0.95054327219259016 1.0158258713781831 0.88790922751650214
leaf_count=59 86 59
internal_value=0 0.00541857
internal_weight=0 1.83845
internal_count=204 118
is_linear=0
shrinkage=0.1


Tree=77
num_leaves=7
num_cat=0
split_feature=0 0 0 0 0 0
split_gain=0.0144583 0.0469331 0.00438674 0.20388 6.22748e-08 5.42377e-12
threshold=0.00091904368771650324 0.00091178381093720573 0.00082058183355521186 0.00088612493346118548 0.00082060203478101512 0.000908118014339654
decision_type=2 2 2 2 2 2
left_child=1 2 -1 4 -4 -5
right_child=-2 -3 3 5 -6 -7
leaf_value=0.0099763656134951792 0.0084141078718741897 -0.028308461112064962 -0.10034513113660751 0.10022873618478134 -0.10019334799014204 0.10022722226750902
leaf_weight=0.83989626169204734 1.1973837641999123 0.60038468241691578 0.056347218342125416 0.043538142926990986 0.051955671631731093 0.051842982997186482
leaf_count=11 94 3 20 20 28 28
internal_value=0 -0.00603224 0.00678355 -0.00638209 -0.100272 0.100228
internal_weight=0 1.64396 1.04358 0.203684 0.108303 0.0953811
internal_count=204 110 107 96 48 48
is_linear=0
shrinkage=0.1


Tree=78
num_leaves=3
num_cat=0
split_feature=0 0
split_gain=0.0144806 0.0119575
threshold=0.00098312715046194898 0.00088612493346118548
decision_type=2 2
left_child=1 -1
right_child=-2 -3
leaf_value=-0.0024218903326573104 -0.009518861406964868 0.013791093035744627
leaf_weight=0.94492282345891021 1.0154634173959491 0.87718806369230151
leaf_count=59 86 59
internal_value=0 0.00538325
internal_weight=0 1.82211
internal_count=204 118
is_linear=0
shrinkage=0.1


Tree=79
num_leaves=3
num_cat=0
split_feature=0 0
split_gain=0.0137224 0.0413814
threshold=0.00091904368771650324 0.00091178381093720573
decision_type=2 2
left_child=1 -1
right_child=-2 -3
leaf_value=0.0062948464086068469 0.0081978384895756949 -0.026679614148087546
leaf_weight=1.0281265999656173 1.1931941718794403 0.60426467657089222
leaf_count=107 94 3
internal_value=0 -0.00591136
internal_weight=0 1.63239
internal_count=204 110
is_linear=0
shrinkage=0.1


Tree=80
num_leaves=3
num_cat=0
split_feature=0 0
split_gain=0.014067 0.0129532
threshold=0.00098312715046194898 0.00088612493346118548
decision_type=2 2
left_child=1 -1
right_child=-2 -3
leaf_value=-0.0028006058450977794 -0.0093904016218944973 0.014071102563711047
leaf_weight=0.94803333189338468 1.0150721203535793 0.87508142041042447
leaf_count=59 86 59
internal_value=0 0.00529769
internal_weight=0 1.82311
internal_count=204 118
is_linear=0
shrinkage=0.1


Tree=81
num_leaves=7
num_cat=0
split_feature=0 0 0 0 0 0
split_gain=0.0129805 0.0370681 0.00410787 0.181177 4.62555e-08 3.49627e-12
threshold=0.00091904368771650324 0.00082058183355521186 0.00091178381093720573 0.00088612493346118548 0.00082060203478101512 0.000908118014339654
decision_type=2 2 2 2 2 2
left_child=1 -1 3 4 -3 -5
right_child=-2 2 -4 5 -6 -7
leaf_value=0.0087852048137440908 0.0079934140350477814 -0.10031253277757567 -0.025275212495793155 0.10019997596204432 -0.10017510334412721 0.10019867635571454
leaf_weight=0.84765802323818229 1.189044779166579 0.051055336371064186 0.60761301219463348 0.038085193373262882 0.047069917782209814 0.045349779422394931
leaf_count=11 94 20 3 20 28 28
internal_value=0 -0.00573504 -0.0213314 -0.00813284 -0.100247 0.100199
internal_weight=0 1.63683 0.789173 0.18156 0.0981253 0.083435
internal_count=204 110 99 96 48 48
is_linear=0
shrinkage=0.1


Tree=82
num_leaves=3
num_cat=0
split_feature=0 0
split_gain=0.0136754 0.0113368
threshold=0.00098312715046194898 0.00088612493346118548
decision_type=2 2
left_child=1 -1
right_child=-2 -3
leaf_value=-0.0023349399926748757 -0.0092545013423751318 0.013517339107766511
leaf_weight=0.94267642439808719 1.0146582773886619 0.86518032290041447
leaf_count=59 86 59
internal_value=0 0.00525144
internal_weight=0 1.80786
internal_count=204 118
is_linear=0
shrinkage=0.1


Tree=83
num_leaves=7
num_cat=0
split_feature=0 0 0 0 0 0
split_gain=0.0123883 0.0337481 0.00300843 0.162529 3.40136e-08 2.42618e-12
threshold=0.00091904368771650324 0.00082058183355521186 0.00091178381093720573 0.00088612493346118548 0.00082060203478101512 0.000908118014339654
decision_type=2 2 2 2 2 2
left_child=1 -1 3 4 -3 -5
right_child=-2 2 -4 5 -6 -7
leaf_value=0.0080949242814672539 0.0078103294622707724 -0.1002820649417242 -0.023973955623086726 0.10017848448707728 -0.10015804344650954 0.10017733878592312
leaf_weight=0.8522150442004206 1.1850765151903031 0.046102647902444005 0.61071677505970001 0.034006012137979269 0.042498326511122286 0.040492446045391262
leaf_count=11 94 20 3 20 28 28
internal_value=0 -0.00563298 -0.0207517 -0.00868625 -0.100223 0.100178
internal_weight=0 1.62603 0.773816 0.163099 0.088601 0.0744985
internal_count=204 110 99 96 48 48
is_linear=0
shrinkage=0.1


Tree=84
num_leaves=3
num_cat=0
split_feature=0 0
split_gain=0.0132738 0.0100433
threshold=0.00098312715046194898 0.00088612493346118548
decision_type=2 2
left_child=1 -1
right_child=-2 -3
leaf_value=-0.0019488157471048116 -0.0091139602217570042 0.013029302816044482
leaf_weight=0.93814643123187147 1.0142304981127379 0.85627756686881185
leaf_count=59 86 59
internal_value=0 0.00519856
internal_weight=0 1.79442
internal_count=204 118
is_linear=0
shrinkage=0.1


Tree=85
num_leaves=3
num_cat=0
split_feature=0 0
split_gain=0.0118593 0.0306809
threshold=0.00091904368771650324 0.00082058183355521186
decision_type=2 2
left_child=1 -1
right_child=-2 -3
leaf_value=0.0074406787036718075 0.0076446544364608491 -0.020159800708117279
leaf_weight=0.85657479614019416 1.1812743451446293 0.76016896963119507
leaf_count=11 94 99
internal_value=0 -0.00553666
internal_weight=0 1.61674
internal_count=204 110
is_linear=0
shrinkage=0.1


Tree=86
num_leaves=3
num_cat=0
split_feature=0 0
split_gain=0.0128402 0.0107123
threshold=0.00098312715046194898 0.00088612493346118548
decision_type=2 2
left_child=1 -1
right_child=-2 -3
leaf_value=-0.0022600759941156286 -0.0089709057491311455 0.013205270836529316
leaf_weight=0.94031512131914519 1.0137953408993778 0.85524229577276856
leaf_count=59 86 59
internal_value=0 0.00510623
internal_weight=0 1.79556
internal_count=204 118
is_linear=0
shrinkage=0.1


Tree=87
num_leaves=3
num_cat=0
split_feature=0 0
split_gain=0.0113152 0.0276739
threshold=0.00091904368771650324 0.00082058183355521186
decision_type=2 2
left_child=1 -1
right_child=-2 -3
leaf_value=0.0068918342670328458 0.0074853032502343519 -0.019290109265717417
leaf_weight=0.86026307940483115 1.177528196480125 0.76068105886224657
leaf_count=11 94 99
internal_value=0 -0.0053949
internal_weight=0 1.62094
internal_count=204 110
is_linear=0
shrinkage=0.1


Tree=88
num_leaves=3
num_cat=0
split_feature=0 0
split_gain=0.0124135 0.0112019
threshold=0.00098312715046194898 0.00088612493346118548
decision_type=2 2
left_child=1 -1
right_child=-2 -3
leaf_value=-0.0025031973011330616 -0.0088262062550553133 0.013311464864064657
leaf_weight=0.94196193781681381 1.0133553291670976 0.85392245126422495
leaf_count=59 86 59
internal_value=0 0.00501649
internal_weight=0 1.79588
internal_count=204 118
is_linear=0
shrinkage=0.1


Tree=89
num_leaves=3
num_cat=0
split_feature=0 0
split_gain=0.0108069 0.025769
threshold=0.00091904368771650324 0.00091178381093720573
decision_type=2 2
left_child=1 -1
right_child=-2 -3
leaf_value=0.0045958345837185371 0.0073323746918865871 -0.021355577587460924
leaf_weight=1.0073926093755292 1.1738493232987819 0.61696158349513996
leaf_count=107 94 3
internal_value=0 -0.00526102
internal_weight=0 1.62435
internal_count=204 110
is_linear=0
shrinkage=0.1


Tree=90
num_leaves=3
num_cat=0
split_feature=0 0
split_gain=0.0119982 0.0116091
threshold=0.00098312715046194898 0.00088612493346118548
decision_type=2 2
left_child=1 -1
right_child=-2 -3
leaf_value=-0.0027078707968706301 -0.0086806500271076718 0.013396691200042036
leaf_weight=0.94362202857155375 1.0129129048436878 0.85154783213511109
leaf_count=59 86 59
internal_value=0 0.00493141
internal_weight=0 1.79517
internal_count=204 118
is_linear=0
shrinkage=0.1


Tree=91
num_leaves=3
num_cat=0
split_feature=0 0
split_gain=0.0103296 0.0238418
threshold=0.00091904368771650324 0.00082058183355521186
decision_type=2 2
left_child=1 -1
right_child=-2 -3
leaf_value=0.006230053766646336 0.0071853443546076798 -0.01803117467323467
leaf_weight=0.86474806070327781 1.1702405689284203 0.76196635456290096
leaf_count=11 94 99
internal_value=0 -0.0051341
internal_weight=0 1.62671
internal_count=204 110
is_linear=0
shrinkage=0.1


Tree=92
num_leaves=3
num_cat=0
split_feature=0 0
split_gain=0.0115881 0.0118461
threshold=0.00098312715046194898 0.00088612493346118548
decision_type=2 2
left_child=1 -1
right_child=-2 -3
leaf_value=-0.0028615949597859073 -0.008534887937296138 0.013411017349675078
leaf_weight=0.94457798602525167 1.0124701047316191 0.84988080384209752
leaf_count=59 86 59
internal_value=0 0.00484534
internal_weight=0 1.79446
internal_count=204 118
is_linear=0
shrinkage=0.1


Tree=93
num_leaves=3
num_cat=0
split_feature=0 0
split_gain=0.00988482 0.0224591
threshold=0.00091904368771650324 0.00091178381093720573
decision_type=2 2
left_child=1 -1
right_child=-2 -3
leaf_value=0.0041925923471211905 0.0070444199453587736 -0.019988817978764225
leaf_weight=1.0088290369603785 1.1667119641788302 0.62021867930889119
leaf_count=107 94 3
internal_value=0 -0.00501387
internal_weight=0 1.62905
internal_count=204 110
is_linear=0
shrinkage=0.1


Tree=94
num_leaves=3
num_cat=0
split_feature=0 0
split_gain=0.0111911 0.0120335
threshold=0.00098312715046194898 0.00088612493346118548
decision_type=2 2
left_child=1 -1
right_child=-2 -3
leaf_value=-0.0029914232892100301 -0.0083895251651017622 0.013418193723844042
leaf_weight=0.94563514739275001 1.0120287225581703 0.84730101795867085
leaf_count=59 86 59
internal_value=0 0.00476339
internal_weight=0 1.79294
internal_count=204 118
is_linear=0
shrinkage=0.1


Tree=95
num_leaves=3
num_cat=0
split_feature=0 0
split_gain=0.00946707 0.0210536
threshold=0.00091904368771650324 0.00082058183355521186
decision_type=2 2
left_child=1 -1
right_child=-2 -3
leaf_value=0.0057504401125108608 0.0069089848540368941 -0.017023575387245034
leaf_weight=0.86802467703819297 1.1632630992680786 0.76250956865260378
leaf_count=11 94 99
internal_value=0 -0.00489969
internal_weight=0 1.63053
internal_count=204 110
is_linear=0
shrinkage=0.1


Tree=96
num_leaves=3
num_cat=0
split_feature=0 0
split_gain=0.0108019 0.0120935
threshold=0.00098312715046194898 0.00088612493346118548
decision_type=2 2
left_child=1 -1
right_child=-2 -3
leaf_value=-0.0030858389531486898 -0.0082450803150775735 0.01337205154624329
leaf_weight=0.94613206957001261 1.0115903206169603 0.8454465267714113
leaf_count=59 86 59
internal_value=0 0.00468064
internal_weight=0 1.79158
internal_count=204 118
is_linear=0
shrinkage=0.1


Tree=97
num_leaves=3
num_cat=0
split_feature=0 0
split_gain=0.0090769 0.0200054
threshold=0.00091904368771650324 0.00091178381093720573
decision_type=2 2
left_child=1 -1
right_child=-2 -3
leaf_value=0.0039061255695349846 0.0067791089791513137 -0.018884369681868265
leaf_weight=1.0092846385668965 1.1599001726135609 0.62284813821315754
leaf_count=107 94 3
internal_value=0 -0.00479109
internal_weight=0 1.63213
internal_count=204 110
is_linear=0
shrinkage=0.1


Tree=98
num_leaves=3
num_cat=0
split_feature=0 0
split_gain=0.0104269 0.0121294
threshold=0.00098312715046194898 0.00088612493346118548
decision_type=2 2
left_child=1 -1
right_child=-2 -3
leaf_value=-0.0031657095447896948 -0.0081019903658353844 0.013327682902570201
leaf_weight=0.94678386108716972 1.0111562032252548 0.84278116433415562
leaf_count=59 86 59
internal_value=0 0.00460172
internal_weight=0 1.78957
internal_count=204 118
is_linear=0
shrinkage=0.1


Tree=99
num_leaves=3
num_cat=0
split_feature=0 0
split_gain=0.00870979 0.0189483
threshold=0.00091904368771650324 0.00082058183355521186
decision_type=2 2
left_child=1 -1
right_child=-2 -3
leaf_value=0.0053942442511833028 0.00665417639154462 -0.016196567710303814
leaf_weight=0.87047238647937797 1.156620987690985 0.7625527354539372
leaf_count=11 94 99
internal_value=0 -0.00468774
internal_weight=0 1.63303
internal_count=204 110
is_linear=0
shrinkage=0.1


end of trees

feature_importances:
ks_stat=523

parameters:
[boosting: gbdt]
[objective: binary]
[metric: binary_logloss]
[tree_learner: serial]
[device_type: cpu]
[data_sample_strategy: bagging]
[data: ]
[valid: ]
[num_iterations: 100]
[learning_rate: 0.1]
[num_leaves: 31]
[num_threads: 0]
[seed: 42]
[deterministic: 1]
[force_col_wise: 1]
[force_row_wise: 0]
[histogram_pool_size: -1]
[max_depth: -1]
[min_data_in_leaf: 20]
[min_sum_hessian_in_leaf: 0.001]
[bagging_fraction: 1]
[pos_bagging_fraction: 1]
[neg_bagging_fraction: 1]
[bagging_freq: 0]
[bagging_seed: 400]
[feature_fraction: 1]
[feature_fraction_bynode: 1]
[feature_fraction_seed: 30056]
[extra_trees: 0]
[extra_seed: 12879]
[early_stopping_round: 0]
[first_metric_only: 0]
[max_delta_step: 0]
[lambda_l1: 0]
[lambda_l2: 0]
[linear_lambda: 0]
[min_gain_to_split: 0]
[drop_rate: 0.1]
[max_drop: 50]
[skip_drop: 0.5]
[xgboost_dart_mode: 0]
[uniform_drop: 0]
[drop_seed: 17869]
[top_rate: 0.2]
[other_rate: 0.1]
[min_data_per_group: 100]
[max_cat_threshold: 32]
[cat_l2: 10]
[cat_smooth: 10]
[max_cat_to_onehot: 4]
[top_k: 20]
[monotone_constraints: ]
[monotone_constraints_method: basic]
[monotone_penalty: 0]
[feature_contri: ]
[forcedsplits_filename: ]
[refit_decay_rate: 0.9]
[cegb_tradeoff: 1]
[cegb_penalty_split: 0]
[cegb_penalty_feature_lazy: ]
[cegb_penalty_feature_coupled: ]
[path_smooth: 0]
[interaction_constraints: ]
[verbosity: -1]
[saved_feature_importance_type: 0]
[use_quantized_grad: 0]
[num_grad_quant_bins: 4]
[quant_train_renew_leaf: 0]
[stochastic_rounding: 1]
[linear_tree: 0]
[max_bin: 255]
[max_bin_by_feature: ]
[min_data_in_bin: 3]
[bin_construct_sample_cnt: 200000]
[data_random_seed: 175]
[is_enable_sparse: 1]
[enable_bundle: 1]
[use_missing: 1]
[zero_as_missing: 0]
[feature_pre_filter: 0]
[pre_partition: 0]
[two_round: 0]
[header: 0]
[label_column: ]
[weight_column: ]
[group_column: ]
[ignore_column: ]
[categorical_feature: ]
[forcedbins_filename: ]
[precise_float_parser: 0]
[parser_config_file: ]
[objective_seed: 16083]
[num_class: 1]
[is_unbalance: 0]
[scale_pos_weight: 1]
[sigmoid: 1]
[boost_from_average: 1]
[reg_sqrt: 0]
[alpha: 0.9]
[fair_c: 1]
[poisson_max_delta_step: 0.7]
[tweedie_variance_power: 1.5]
[lambdarank_truncation_level: 30]
[lambdarank_norm: 1]
[label_gain: ]
[lambdarank_position_bias_regularization: 0]
[eval_at: ]
[multi_error_top_k: 1]
[auc_mu_weights: ]
[num_machines: 1]
[local_listen_port: 12400]
[time_out: 120]
[machine_list_filename: ]
[machines: ]
[gpu_platform_id: -1]
[gpu_device_id: -1]
[gpu_use_dp: 0]
[num_gpu: 1]

end of parameters

pandas_categorical:null
